timestamp,Open,High,Low,Close,Volume,time_indicator,avg_price_in_interval
2020-12-04 00:00:00,19422.34,19422.8,19402.3,19403.9,65.742018,0.0,19412.55
2020-12-04 00:01:00,19403.9,19407.03,19378.92,19391.69,133.262722,0.0006944444444444445,19392.975
2020-12-04 00:02:00,19391.68,19407.29,19378.94,19400.0,63.790954,0.001388888888888889,19393.114999999998
2020-12-04 00:03:00,19400.0,19401.83,19390.66,19394.74,33.004865,0.0020833333333333333,19396.245000000003
2020-12-04 00:04:00,19394.75,19423.43,19394.02,19406.98,39.687403,0.002777777777777778,19408.725
2020-12-04 00:05:00,19406.99,19412.4,19395.01,19401.65,67.238114,0.003472222222222222,19403.705
2020-12-04 00:06:00,19401.65,19401.66,19383.08,19388.93,55.022746,0.004166666666666667,19392.370000000003
2020-12-04 00:07:00,19388.93,19408.49,19388.93,19403.27,32.111773,0.004861111111111111,19398.71
2020-12-04 00:08:00,19403.27,19407.23,19397.89,19398.8,23.311552,0.005555555555555556,19402.559999999998
2020-12-04 00:09:00,19398.8,19398.81,19389.51,19394.15,15.275601,0.00625,19394.16
2020-12-04 00:10:00,19394.14,19404.11,19393.3,19401.38,23.273591,0.006944444444444444,19398.705
2020-12-04 00:11:00,19401.39,19428.49,19401.39,19428.48,23.471695,0.007638888888888889,19414.940000000002
2020-12-04 00:12:00,19428.48,19460.49,19427.88,19460.13,96.176948,0.008333333333333333,19444.185
2020-12-04 00:13:00,19460.13,19463.25,19450.0,19450.57,34.340934,0.009027777777777777,19456.625
2020-12-04 00:14:00,19450.56,19466.0,19447.84,19461.98,30.781148,0.009722222222222222,19456.92
2020-12-04 00:15:00,19462.0,19462.02,19445.97,19445.97,41.008199,0.010416666666666666,19453.995000000003
2020-12-04 00:16:00,19445.97,19445.98,19432.83,19438.99,30.400581,0.011111111111111112,19439.405
2020-12-04 00:17:00,19438.99,19440.97,19432.98,19436.8,15.218486,0.011805555555555555,19436.975
2020-12-04 00:18:00,19436.8,19442.89,19424.01,19425.71,17.852836,0.0125,19433.449999999997
2020-12-04 00:19:00,19425.71,19447.74,19425.71,19447.73,12.092225,0.013194444444444444,19436.725
2020-12-04 00:20:00,19447.73,19449.99,19422.01,19429.0,67.091506,0.013888888888888888,19436.0
2020-12-04 00:21:00,19429.0,19436.47,19425.0,19427.56,27.03865,0.014583333333333334,19430.735
2020-12-04 00:22:00,19427.56,19434.75,19419.96,19419.97,17.858669,0.015277777777777777,19427.355
2020-12-04 00:23:00,19419.96,19426.62,19419.96,19424.74,25.639554,0.01597222222222222,19423.29
2020-12-04 00:24:00,19424.74,19433.27,19424.74,19433.27,9.628644,0.016666666666666666,19429.005
2020-12-04 00:25:00,19433.28,19434.74,19418.36,19425.03,19.300098,0.017361111111111112,19426.550000000003
2020-12-04 00:26:00,19425.03,19425.17,19418.39,19423.8,12.019635,0.018055555555555554,19421.78
2020-12-04 00:27:00,19423.79,19433.73,19418.36,19427.47,15.609418,0.01875,19426.045
2020-12-04 00:28:00,19427.48,19440.0,19427.48,19439.99,12.746239,0.019444444444444445,19433.739999999998
2020-12-04 00:29:00,19440.0,19456.83,19439.99,19456.6,26.172382,0.02013888888888889,19448.410000000003
2020-12-04 00:30:00,19456.61,19488.54,19451.83,19487.09,100.741841,0.020833333333333332,19470.185
2020-12-04 00:31:00,19487.11,19495.0,19476.36,19494.23,44.002598,0.021527777777777778,19485.68
2020-12-04 00:32:00,19494.23,19501.21,19484.5,19499.6,64.884456,0.022222222222222223,19492.855
2020-12-04 00:33:00,19499.61,19501.02,19489.5,19495.35,33.965353,0.022916666666666665,19495.260000000002
2020-12-04 00:34:00,19495.35,19500.0,19486.48,19497.61,29.315537,0.02361111111111111,19493.239999999998
2020-12-04 00:35:00,19497.54,19499.99,19486.52,19497.58,33.077943,0.024305555555555556,19493.255
2020-12-04 00:36:00,19497.57,19497.57,19482.2,19492.45,21.083393,0.025,19489.885000000002
2020-12-04 00:37:00,19492.64,19500.0,19487.23,19500.0,25.589704,0.025694444444444443,19493.614999999998
2020-12-04 00:38:00,19500.0,19502.5,19499.4,19502.47,18.761777,0.02638888888888889,19500.95
2020-12-04 00:39:00,19502.46,19527.0,19502.46,19510.15,61.264302,0.027083333333333334,19514.73
2020-12-04 00:40:00,19510.15,19510.19,19491.67,19510.19,44.347696,0.027777777777777776,19500.93
2020-12-04 00:41:00,19510.2,19510.2,19500.26,19504.41,32.04643,0.02847222222222222,19505.23
2020-12-04 00:42:00,19504.41,19504.42,19453.87,19467.03,127.903463,0.029166666666666667,19479.144999999997
2020-12-04 00:43:00,19467.03,19482.0,19467.03,19481.99,19.018755,0.029861111111111113,19474.515
2020-12-04 00:44:00,19482.0,19493.24,19476.37,19478.72,21.442875,0.030555555555555555,19484.805
2020-12-04 00:45:00,19478.73,19495.45,19478.7,19492.22,19.079402,0.03125,19487.075
2020-12-04 00:46:00,19492.22,19496.27,19481.0,19486.87,14.287736,0.03194444444444444,19488.635000000002
2020-12-04 00:47:00,19486.86,19487.16,19479.85,19481.79,12.301683,0.03263888888888889,19483.504999999997
2020-12-04 00:48:00,19481.8,19492.0,19450.49,19453.21,31.388828,0.03333333333333333,19471.245000000003
2020-12-04 00:49:00,19453.26,19471.05,19451.89,19471.05,20.925285,0.034027777777777775,19461.47
2020-12-04 00:50:00,19471.06,19477.59,19461.58,19464.34,28.312386,0.034722222222222224,19469.585
2020-12-04 00:51:00,19466.04,19478.22,19463.8,19476.18,12.764444,0.035416666666666666,19471.010000000002
2020-12-04 00:52:00,19476.19,19479.23,19471.75,19476.95,9.67616,0.03611111111111111,19475.489999999998
2020-12-04 00:53:00,19477.16,19477.38,19471.37,19477.09,20.290103,0.03680555555555556,19474.375
2020-12-04 00:54:00,19477.08,19478.69,19470.74,19476.92,21.765467,0.0375,19474.715
2020-12-04 00:55:00,19476.68,19476.68,19447.93,19450.01,42.799097,0.03819444444444445,19462.305
2020-12-04 00:56:00,19450.0,19474.92,19450.0,19474.92,18.205791,0.03888888888888889,19462.46
2020-12-04 00:57:00,19474.92,19476.14,19457.82,19457.82,38.322956,0.03958333333333333,19466.98
2020-12-04 00:58:00,19457.82,19468.5,19455.33,19458.16,20.002233,0.04027777777777778,19461.915
2020-12-04 00:59:00,19458.16,19460.87,19454.5,19460.65,10.163345,0.04097222222222222,19457.684999999998
2020-12-04 01:00:00,19462.49,19467.2,19459.11,19464.18,37.271053,0.041666666666666664,19463.155
2020-12-04 01:01:00,19464.18,19485.0,19464.18,19483.99,70.541624,0.04236111111111111,19474.59
2020-12-04 01:02:00,19484.0,19489.84,19468.64,19470.35,36.054675,0.043055555555555555,19479.239999999998
2020-12-04 01:03:00,19471.98,19478.0,19467.57,19471.01,20.921892,0.04375,19472.785
2020-12-04 01:04:00,19471.01,19471.01,19453.8,19459.39,26.134104,0.044444444444444446,19462.405
2020-12-04 01:05:00,19459.39,19459.39,19439.01,19440.21,36.872544,0.04513888888888889,19449.199999999997
2020-12-04 01:06:00,19440.21,19446.45,19436.62,19438.05,22.710772,0.04583333333333333,19441.535
2020-12-04 01:07:00,19437.5,19437.5,19417.38,19420.0,51.968467,0.04652777777777778,19427.440000000002
2020-12-04 01:08:00,19420.0,19428.47,19401.01,19410.0,32.95628,0.04722222222222222,19414.739999999998
2020-12-04 01:09:00,19407.73,19414.35,19401.0,19402.72,49.286707,0.04791666666666667,19407.675
2020-12-04 01:10:00,19402.72,19425.08,19400.0,19400.0,75.396407,0.04861111111111111,19412.54
2020-12-04 01:11:00,19400.0,19405.0,19391.0,19398.88,62.514557,0.049305555555555554,19398.0
2020-12-04 01:12:00,19399.15,19402.64,19389.45,19394.84,31.729921,0.05,19396.045
2020-12-04 01:13:00,19394.83,19397.5,19381.83,19385.11,70.812496,0.050694444444444445,19389.665
2020-12-04 01:14:00,19385.11,19398.84,19380.0,19388.7,63.812007,0.05138888888888889,19389.42
2020-12-04 01:15:00,19388.7,19388.78,19355.34,19360.58,81.748756,0.052083333333333336,19372.059999999998
2020-12-04 01:16:00,19361.4,19365.78,19350.0,19361.0,67.399919,0.05277777777777778,19357.89
2020-12-04 01:17:00,19361.32,19365.0,19360.0,19363.23,45.55895,0.05347222222222222,19362.5
2020-12-04 01:18:00,19363.24,19383.08,19363.23,19380.5,37.886233,0.05416666666666667,19373.155
2020-12-04 01:19:00,19380.5,19383.08,19365.5,19371.43,14.924926,0.05486111111111111,19374.29
2020-12-04 01:20:00,19371.43,19387.0,19371.43,19377.95,27.805936,0.05555555555555555,19379.215
2020-12-04 01:21:00,19377.63,19387.17,19375.78,19386.29,20.144303,0.05625,19381.475
2020-12-04 01:22:00,19386.44,19386.44,19374.75,19377.64,21.516964,0.05694444444444444,19380.595
2020-12-04 01:23:00,19377.63,19399.2,19377.63,19399.2,23.565254,0.05763888888888889,19388.415
2020-12-04 01:24:00,19399.2,19399.68,19387.0,19388.31,26.711629,0.058333333333333334,19393.34
2020-12-04 01:25:00,19388.32,19399.95,19388.31,19395.99,25.130819,0.059027777777777776,19394.13
2020-12-04 01:26:00,19395.99,19395.99,19388.0,19388.0,18.179813,0.059722222222222225,19391.995000000003
2020-12-04 01:27:00,19388.01,19392.17,19388.01,19391.22,17.705322,0.06041666666666667,19390.089999999997
2020-12-04 01:28:00,19391.22,19391.23,19376.01,19376.5,32.908267,0.06111111111111111,19383.62
2020-12-04 01:29:00,19376.51,19383.68,19370.5,19376.48,19.990504,0.06180555555555556,19377.09
2020-12-04 01:30:00,19376.48,19385.0,19368.93,19384.19,19.600924,0.0625,19376.965
2020-12-04 01:31:00,19384.18,19392.44,19380.66,19382.16,10.165603,0.06319444444444444,19386.55
2020-12-04 01:32:00,19381.82,19386.15,19374.5,19377.21,6.64411,0.06388888888888888,19380.325
2020-12-04 01:33:00,19377.21,19378.88,19363.91,19364.54,20.010999,0.06458333333333334,19371.395
2020-12-04 01:34:00,19364.54,19364.54,19322.4,19335.01,94.152615,0.06527777777777778,19343.47
2020-12-04 01:35:00,19335.02,19356.48,19322.2,19353.5,65.960182,0.06597222222222222,19339.34
2020-12-04 01:36:00,19353.51,19356.48,19332.0,19337.28,24.981,0.06666666666666667,19344.239999999998
2020-12-04 01:37:00,19337.13,19360.0,19330.5,19353.13,34.469682,0.06736111111111111,19345.25
2020-12-04 01:38:00,19353.12,19363.54,19350.11,19353.08,13.611233,0.06805555555555555,19356.825
2020-12-04 01:39:00,19353.08,19362.04,19349.41,19361.41,16.888201,0.06875,19355.725
2020-12-04 01:40:00,19361.72,19365.67,19353.58,19354.06,17.2621,0.06944444444444445,19359.625
2020-12-04 01:41:00,19354.05,19364.79,19354.05,19360.37,17.525482,0.07013888888888889,19359.42
2020-12-04 01:42:00,19360.37,19361.53,19354.58,19356.06,24.96163,0.07083333333333333,19358.055
2020-12-04 01:43:00,19356.06,19360.59,19354.57,19360.58,20.475976,0.07152777777777777,19357.58
2020-12-04 01:44:00,19360.57,19371.52,19360.55,19371.09,19.345037,0.07222222222222222,19366.035
2020-12-04 01:45:00,19371.09,19373.57,19361.77,19365.08,16.155944,0.07291666666666667,19367.67
2020-12-04 01:46:00,19365.08,19371.14,19360.79,19363.27,18.635627,0.07361111111111111,19365.965
2020-12-04 01:47:00,19362.96,19364.44,19337.86,19341.7,29.31596,0.07430555555555556,19351.15
2020-12-04 01:48:00,19341.23,19365.87,19335.66,19363.66,22.682439,0.075,19350.765
2020-12-04 01:49:00,19363.66,19366.33,19356.56,19365.44,15.285243,0.07569444444444444,19361.445
2020-12-04 01:50:00,19365.44,19366.3,19356.43,19362.5,19.589467,0.0763888888888889,19361.364999999998
2020-12-04 01:51:00,19362.49,19362.5,19352.81,19355.04,9.826772,0.07708333333333334,19357.655
2020-12-04 01:52:00,19355.03,19364.82,19355.03,19364.23,9.97255,0.07777777777777778,19359.925
2020-12-04 01:53:00,19364.22,19376.11,19358.08,19374.9,14.166143,0.07847222222222222,19367.095
2020-12-04 01:54:00,19374.9,19381.09,19370.66,19378.99,18.168109,0.07916666666666666,19375.875
2020-12-04 01:55:00,19378.5,19378.75,19370.0,19378.64,15.881327,0.0798611111111111,19374.375
2020-12-04 01:56:00,19378.67,19378.68,19340.0,19340.0,69.185465,0.08055555555555556,19359.34
2020-12-04 01:57:00,19340.01,19348.77,19320.0,19322.04,48.689155,0.08125,19334.385000000002
2020-12-04 01:58:00,19322.04,19334.29,19321.49,19329.32,19.264584,0.08194444444444444,19327.89
2020-12-04 01:59:00,19329.32,19333.03,19319.39,19321.42,34.021974,0.08263888888888889,19326.21
2020-12-04 02:00:00,19323.31,19329.0,19307.95,19327.03,54.223262,0.08333333333333333,19318.475
2020-12-04 02:01:00,19327.03,19351.96,19325.0,19351.95,13.669222,0.08402777777777778,19338.48
2020-12-04 02:02:00,19351.95,19355.99,19342.27,19342.27,40.22138,0.08472222222222223,19349.13
2020-12-04 02:03:00,19342.27,19360.25,19342.26,19360.18,22.519971,0.08541666666666667,19351.254999999997
2020-12-04 02:04:00,19359.74,19370.49,19359.67,19362.6,26.163808,0.08611111111111111,19365.08
2020-12-04 02:05:00,19362.6,19365.26,19351.14,19361.46,28.155361,0.08680555555555555,19358.199999999997
2020-12-04 02:06:00,19361.45,19364.19,19341.03,19357.01,21.16051,0.0875,19352.61
2020-12-04 02:07:00,19357.01,19363.48,19350.0,19350.76,35.472303,0.08819444444444445,19356.739999999998
2020-12-04 02:08:00,19350.75,19367.13,19350.75,19360.92,14.918357,0.08888888888888889,19358.940000000002
2020-12-04 02:09:00,19360.92,19363.5,19350.0,19357.13,28.454176,0.08958333333333333,19356.75
2020-12-04 02:10:00,19357.13,19364.19,19355.55,19359.69,17.777771,0.09027777777777778,19359.87
2020-12-04 02:11:00,19359.69,19359.69,19350.9,19354.8,8.785198,0.09097222222222222,19355.295
2020-12-04 02:12:00,19354.79,19361.5,19348.0,19357.85,35.95116,0.09166666666666666,19354.75
2020-12-04 02:13:00,19357.85,19360.64,19351.0,19360.49,14.487648,0.09236111111111112,19355.82
2020-12-04 02:14:00,19360.49,19361.47,19348.61,19349.97,27.861663,0.09305555555555556,19355.04
2020-12-04 02:15:00,19350.55,19370.49,19348.57,19370.47,60.150652,0.09375,19359.53
2020-12-04 02:16:00,19370.47,19375.0,19365.24,19368.05,14.355047,0.09444444444444444,19370.120000000003
2020-12-04 02:17:00,19368.05,19368.05,19356.0,19358.03,13.524967,0.09513888888888888,19362.025
2020-12-04 02:18:00,19358.03,19358.03,19345.47,19346.04,17.134289,0.09583333333333334,19351.75
2020-12-04 02:19:00,19346.05,19351.82,19338.98,19343.01,22.397792,0.09652777777777778,19345.4
2020-12-04 02:20:00,19343.01,19345.0,19317.26,19321.01,50.479137,0.09722222222222222,19331.129999999997
2020-12-04 02:21:00,19321.01,19328.77,19310.49,19323.69,25.85348,0.09791666666666667,19319.63
2020-12-04 02:22:00,19323.7,19336.4,19321.5,19329.07,19.06236,0.09861111111111111,19328.95
2020-12-04 02:23:00,19329.07,19340.14,19322.23,19338.88,23.592562,0.09930555555555555,19331.184999999998
2020-12-04 02:24:00,19338.5,19340.26,19320.01,19324.62,35.557514,0.1,19330.135
2020-12-04 02:25:00,19324.63,19339.69,19324.63,19338.37,15.428084,0.10069444444444445,19332.16
2020-12-04 02:26:00,19338.37,19345.82,19335.57,19344.04,26.354642,0.10138888888888889,19340.695
2020-12-04 02:27:00,19344.94,19362.91,19344.38,19352.07,31.257865,0.10208333333333333,19353.645
2020-12-04 02:28:00,19352.08,19354.0,19342.25,19347.25,34.673049,0.10277777777777777,19348.125
2020-12-04 02:29:00,19347.26,19358.79,19347.1,19352.72,9.933945,0.10347222222222222,19352.945
2020-12-04 02:30:00,19352.71,19353.99,19346.28,19351.18,14.78863,0.10416666666666667,19350.135000000002
2020-12-04 02:31:00,19351.17,19353.46,19331.99,19334.34,20.766578,0.10486111111111111,19342.725
2020-12-04 02:32:00,19334.33,19334.92,19323.55,19329.01,23.258177,0.10555555555555556,19329.235
2020-12-04 02:33:00,19328.43,19335.0,19323.62,19333.32,22.202764,0.10625,19329.309999999998
2020-12-04 02:34:00,19333.33,19335.37,19325.0,19331.67,11.054577,0.10694444444444444,19330.184999999998
2020-12-04 02:35:00,19331.68,19333.49,19320.1,19332.09,24.77701,0.1076388888888889,19326.795
2020-12-04 02:36:00,19330.12,19330.12,19263.24,19302.27,176.788022,0.10833333333333334,19296.68
2020-12-04 02:37:00,19301.33,19337.13,19301.32,19309.22,87.339342,0.10902777777777778,19319.225
2020-12-04 02:38:00,19309.22,19316.07,19289.48,19289.49,35.299494,0.10972222222222222,19302.775
2020-12-04 02:39:00,19289.49,19296.46,19260.38,19266.73,107.313492,0.11041666666666666,19278.42
2020-12-04 02:40:00,19266.72,19290.58,19260.84,19289.09,54.084401,0.1111111111111111,19275.71
2020-12-04 02:41:00,19288.85,19308.25,19286.59,19304.51,24.877816,0.11180555555555556,19297.42
2020-12-04 02:42:00,19304.51,19305.88,19261.81,19271.65,28.155504,0.1125,19283.845
2020-12-04 02:43:00,19271.65,19297.51,19271.65,19293.09,26.390001,0.11319444444444444,19284.58
2020-12-04 02:44:00,19293.09,19297.56,19270.0,19280.81,39.616696,0.11388888888888889,19283.78
2020-12-04 02:45:00,19280.82,19289.5,19269.22,19288.64,35.962931,0.11458333333333333,19279.36
2020-12-04 02:46:00,19288.65,19292.5,19279.53,19287.32,30.481771,0.11527777777777778,19286.015
2020-12-04 02:47:00,19287.32,19300.0,19285.27,19299.43,22.527838,0.11597222222222223,19292.635000000002
2020-12-04 02:48:00,19299.43,19299.43,19287.72,19297.61,14.935865,0.11666666666666667,19293.575
2020-12-04 02:49:00,19297.61,19298.48,19289.0,19294.21,13.097369,0.11736111111111111,19293.739999999998
2020-12-04 02:50:00,19294.21,19298.34,19275.82,19285.29,43.490173,0.11805555555555555,19287.08
2020-12-04 02:51:00,19284.53,19286.76,19265.0,19266.16,33.264067,0.11875,19275.879999999997
2020-12-04 02:52:00,19266.49,19271.02,19257.64,19265.7,48.678734,0.11944444444444445,19264.33
2020-12-04 02:53:00,19265.7,19276.82,19261.64,19269.6,31.866254,0.12013888888888889,19269.23
2020-12-04 02:54:00,19269.59,19275.91,19250.0,19257.25,94.23529,0.12083333333333333,19262.955
2020-12-04 02:55:00,19257.24,19284.5,19250.0,19277.02,52.013961,0.12152777777777778,19267.25
2020-12-04 02:56:00,19276.21,19287.6,19257.8,19261.08,37.025066,0.12222222222222222,19272.699999999997
2020-12-04 02:57:00,19261.07,19265.03,19251.68,19257.78,16.768933,0.12291666666666666,19258.355
2020-12-04 02:58:00,19257.78,19271.5,19254.09,19264.49,31.752099,0.12361111111111112,19262.795
2020-12-04 02:59:00,19264.49,19267.5,19251.69,19251.92,24.457618,0.12430555555555556,19259.595
2020-12-04 03:00:00,19251.92,19281.22,19234.0,19273.78,104.916234,0.125,19257.61
2020-12-04 03:01:00,19273.78,19289.38,19266.5,19281.28,23.500762,0.12569444444444444,19277.940000000002
2020-12-04 03:02:00,19283.0,19288.87,19275.53,19284.86,19.517611,0.12638888888888888,19282.199999999997
2020-12-04 03:03:00,19284.86,19288.85,19279.0,19281.37,15.358206,0.12708333333333333,19283.925
2020-12-04 03:04:00,19281.37,19310.84,19279.01,19305.47,28.094235,0.12777777777777777,19294.925
2020-12-04 03:05:00,19305.47,19307.33,19292.78,19304.67,34.039708,0.1284722222222222,19300.055
2020-12-04 03:06:00,19304.66,19306.01,19287.96,19299.3,17.602278,0.12916666666666668,19296.985
2020-12-04 03:07:00,19299.3,19300.5,19291.67,19293.9,13.269116,0.12986111111111112,19296.085
2020-12-04 03:08:00,19293.9,19301.37,19289.59,19296.7,14.546632,0.13055555555555556,19295.48
2020-12-04 03:09:00,19296.7,19300.35,19292.33,19295.63,27.646433,0.13125,19296.34
2020-12-04 03:10:00,19295.64,19298.98,19289.57,19296.5,21.793818,0.13194444444444445,19294.275
2020-12-04 03:11:00,19296.67,19310.0,19296.67,19307.32,9.853014,0.1326388888888889,19303.335
2020-12-04 03:12:00,19307.31,19309.74,19302.2,19309.29,16.204835,0.13333333333333333,19305.97
2020-12-04 03:13:00,19309.28,19314.55,19300.06,19306.74,18.122,0.13402777777777777,19307.305
2020-12-04 03:14:00,19306.74,19323.31,19303.0,19313.6,24.366853,0.13472222222222222,19313.155
2020-12-04 03:15:00,19314.02,19323.19,19314.01,19317.41,23.715121,0.13541666666666666,19318.6
2020-12-04 03:16:00,19317.41,19320.28,19307.19,19307.19,13.050362,0.1361111111111111,19313.735
2020-12-04 03:17:00,19307.19,19312.53,19302.3,19309.22,23.185099,0.13680555555555557,19307.415
2020-12-04 03:18:00,19309.22,19313.45,19300.0,19300.0,24.819037,0.1375,19306.725
2020-12-04 03:19:00,19300.01,19310.22,19293.25,19302.93,38.866337,0.13819444444444445,19301.735
2020-12-04 03:20:00,19302.92,19302.92,19281.36,19284.87,102.816751,0.1388888888888889,19292.14
2020-12-04 03:21:00,19284.88,19286.01,19271.06,19275.48,43.066441,0.13958333333333334,19278.535
2020-12-04 03:22:00,19275.49,19275.49,19258.39,19262.49,23.490052,0.14027777777777778,19266.940000000002
2020-12-04 03:23:00,19262.48,19265.21,19242.42,19249.46,74.382021,0.14097222222222222,19253.815
2020-12-04 03:24:00,19249.38,19258.5,19240.49,19256.46,34.508352,0.14166666666666666,19249.495000000003
2020-12-04 03:25:00,19256.46,19290.0,19256.46,19277.6,29.379757,0.1423611111111111,19273.23
2020-12-04 03:26:00,19278.89,19282.36,19271.97,19278.77,16.547859,0.14305555555555555,19277.165
2020-12-04 03:27:00,19279.41,19279.41,19242.2,19242.27,54.811228,0.14375,19260.805
2020-12-04 03:28:00,19242.27,19257.0,19231.44,19239.56,60.989272,0.14444444444444443,19244.22
2020-12-04 03:29:00,19239.55,19242.01,19222.1,19226.75,51.710232,0.1451388888888889,19232.055
2020-12-04 03:30:00,19226.68,19239.46,19202.0,19231.05,124.996818,0.14583333333333334,19220.73
2020-12-04 03:31:00,19229.55,19237.0,19210.25,19217.71,50.747197,0.14652777777777778,19223.625
2020-12-04 03:32:00,19217.71,19229.59,19212.02,19224.65,27.319037,0.14722222222222223,19220.805
2020-12-04 03:33:00,19224.66,19233.68,19219.1,19227.75,36.146875,0.14791666666666667,19226.39
2020-12-04 03:34:00,19227.75,19250.0,19227.75,19248.21,30.939063,0.1486111111111111,19238.875
2020-12-04 03:35:00,19248.22,19258.32,19245.98,19255.32,40.254877,0.14930555555555555,19252.15
2020-12-04 03:36:00,19255.36,19263.44,19238.0,19239.23,42.506572,0.15,19250.72
2020-12-04 03:37:00,19239.23,19256.99,19233.89,19249.15,39.568998,0.15069444444444444,19245.440000000002
2020-12-04 03:38:00,19249.15,19251.01,19233.04,19238.3,25.965291,0.15138888888888888,19242.025
2020-12-04 03:39:00,19238.31,19238.31,19226.0,19229.56,32.188995,0.15208333333333332,19232.155
2020-12-04 03:40:00,19229.08,19233.49,19227.36,19227.36,23.894074,0.1527777777777778,19230.425000000003
2020-12-04 03:41:00,19227.37,19243.0,19227.33,19241.87,20.713924,0.15347222222222223,19235.165
2020-12-04 03:42:00,19241.88,19260.0,19241.19,19259.81,55.413148,0.15416666666666667,19250.595
2020-12-04 03:43:00,19259.81,19265.0,19250.0,19263.99,45.852714,0.15486111111111112,19257.5
2020-12-04 03:44:00,19263.99,19271.39,19255.5,19264.73,51.608248,0.15555555555555556,19263.445
2020-12-04 03:45:00,19264.73,19270.65,19258.5,19270.65,23.161198,0.15625,19264.575
2020-12-04 03:46:00,19270.65,19273.5,19267.58,19272.23,22.713969,0.15694444444444444,19270.54
2020-12-04 03:47:00,19272.24,19276.43,19260.01,19262.22,14.636547,0.15763888888888888,19268.22
2020-12-04 03:48:00,19262.23,19262.24,19253.52,19255.0,41.96928,0.15833333333333333,19257.88
2020-12-04 03:49:00,19255.0,19255.0,19232.88,19240.03,33.126132,0.15902777777777777,19243.940000000002
2020-12-04 03:50:00,19240.03,19246.35,19235.76,19239.98,31.526861,0.1597222222222222,19241.055
2020-12-04 03:51:00,19240.47,19256.0,19232.2,19255.14,66.72136,0.16041666666666668,19244.1
2020-12-04 03:52:00,19255.49,19263.9,19250.59,19260.35,25.217794,0.16111111111111112,19257.245000000003
2020-12-04 03:53:00,19260.34,19260.34,19221.64,19225.81,38.317264,0.16180555555555556,19240.989999999998
2020-12-04 03:54:00,19225.8,19229.57,19218.45,19222.03,30.494778,0.1625,19224.010000000002
2020-12-04 03:55:00,19222.02,19223.96,19173.76,19175.0,157.567218,0.16319444444444445,19198.86
2020-12-04 03:56:00,19177.14,19177.46,19122.74,19147.97,288.399922,0.1638888888888889,19150.1
2020-12-04 03:57:00,19147.97,19175.37,19147.97,19168.69,94.284111,0.16458333333333333,19161.67
2020-12-04 03:58:00,19168.68,19177.45,19152.9,19154.71,63.578916,0.16527777777777777,19165.175000000003
2020-12-04 03:59:00,19154.7,19172.3,19145.29,19162.62,61.783073,0.16597222222222222,19158.795
2020-12-04 04:00:00,19162.62,19162.62,19122.48,19128.44,113.537849,0.16666666666666666,19142.55
2020-12-04 04:01:00,19128.45,19195.0,19128.43,19184.0,81.952484,0.1673611111111111,19161.715
2020-12-04 04:02:00,19184.43,19200.0,19175.4,19200.0,53.941681,0.16805555555555557,19187.7
2020-12-04 04:03:00,19199.99,19207.82,19186.56,19201.51,52.556582,0.16875,19197.190000000002
2020-12-04 04:04:00,19201.47,19219.07,19198.76,19204.3,54.068757,0.16944444444444445,19208.915
2020-12-04 04:05:00,19204.3,19227.22,19197.64,19213.09,51.709559,0.1701388888888889,19212.43
2020-12-04 04:06:00,19212.69,19232.11,19206.3,19230.49,48.201263,0.17083333333333334,19219.205
2020-12-04 04:07:00,19230.49,19230.51,19212.87,19225.38,42.249383,0.17152777777777778,19221.69
2020-12-04 04:08:00,19225.39,19230.51,19215.16,19229.5,33.711259,0.17222222222222222,19222.835
2020-12-04 04:09:00,19229.49,19229.54,19219.49,19219.49,24.990643,0.17291666666666666,19224.515
2020-12-04 04:10:00,19219.49,19247.61,19219.34,19244.99,115.272161,0.1736111111111111,19233.475
2020-12-04 04:11:00,19244.99,19249.75,19232.39,19242.71,31.969363,0.17430555555555555,19241.07
2020-12-04 04:12:00,19243.07,19249.74,19228.09,19247.91,27.945248,0.175,19238.915
2020-12-04 04:13:00,19247.92,19248.3,19230.79,19239.77,27.465996,0.17569444444444443,19239.545
2020-12-04 04:14:00,19239.78,19247.91,19234.59,19239.34,31.653855,0.1763888888888889,19241.25
2020-12-04 04:15:00,19239.35,19247.0,19237.38,19244.12,21.286227,0.17708333333333334,19242.190000000002
2020-12-04 04:16:00,19244.07,19247.5,19235.78,19244.82,20.732186,0.17777777777777778,19241.64
2020-12-04 04:17:00,19244.83,19244.83,19231.24,19233.0,41.180924,0.17847222222222223,19238.035000000003
2020-12-04 04:18:00,19233.01,19252.08,19233.0,19245.11,21.907977,0.17916666666666667,19242.54
2020-12-04 04:19:00,19245.1,19245.11,19227.56,19236.99,35.119218,0.1798611111111111,19236.335
2020-12-04 04:20:00,19237.0,19252.77,19237.0,19249.35,26.597041,0.18055555555555555,19244.885000000002
2020-12-04 04:21:00,19249.36,19258.14,19240.87,19254.6,42.879166,0.18125,19249.504999999997
2020-12-04 04:22:00,19254.59,19258.86,19250.0,19257.19,17.826633,0.18194444444444444,19254.43
2020-12-04 04:23:00,19257.2,19257.5,19247.15,19252.8,43.705566,0.18263888888888888,19252.325
2020-12-04 04:24:00,19252.44,19273.0,19251.44,19259.17,43.038134,0.18333333333333332,19262.22
2020-12-04 04:25:00,19258.37,19260.01,19245.95,19251.5,21.826731,0.1840277777777778,19252.98
2020-12-04 04:26:00,19252.23,19265.16,19245.96,19265.16,30.262773,0.18472222222222223,19255.559999999998
2020-12-04 04:27:00,19265.15,19268.51,19255.65,19262.15,26.588938,0.18541666666666667,19262.08
2020-12-04 04:28:00,19262.14,19262.14,19246.0,19246.67,22.303043,0.18611111111111112,19254.07
2020-12-04 04:29:00,19246.67,19270.23,19237.01,19263.4,51.094073,0.18680555555555556,19253.62
2020-12-04 04:30:00,19263.4,19269.53,19247.01,19268.35,37.055752,0.1875,19258.269999999997
2020-12-04 04:31:00,19268.35,19288.69,19263.64,19284.11,40.755853,0.18819444444444444,19276.165
2020-12-04 04:32:00,19284.11,19288.69,19275.5,19276.61,76.649227,0.18888888888888888,19282.095
2020-12-04 04:33:00,19276.62,19290.0,19276.51,19285.0,25.532616,0.18958333333333333,19283.254999999997
2020-12-04 04:34:00,19285.34,19286.91,19279.5,19282.04,34.948307,0.19027777777777777,19283.205
2020-12-04 04:35:00,19282.03,19289.97,19279.98,19287.79,39.393324,0.1909722222222222,19284.975
2020-12-04 04:36:00,19287.79,19287.8,19269.0,19273.94,64.789307,0.19166666666666668,19278.4
2020-12-04 04:37:00,19273.94,19275.55,19265.46,19267.24,30.849875,0.19236111111111112,19270.504999999997
2020-12-04 04:38:00,19267.25,19289.0,19267.25,19283.17,21.440851,0.19305555555555556,19278.125
2020-12-04 04:39:00,19283.17,19289.88,19278.6,19288.44,39.826873,0.19375,19284.239999999998
2020-12-04 04:40:00,19288.45,19288.45,19276.99,19280.72,46.309975,0.19444444444444445,19282.72
2020-12-04 04:41:00,19280.72,19284.48,19274.99,19284.4,23.841137,0.1951388888888889,19279.735
2020-12-04 04:42:00,19284.41,19291.56,19277.94,19290.8,23.262205,0.19583333333333333,19284.75
2020-12-04 04:43:00,19290.8,19318.83,19286.04,19310.39,106.434608,0.19652777777777777,19302.435
2020-12-04 04:44:00,19310.38,19312.99,19305.15,19307.95,48.07307,0.19722222222222222,19309.07
2020-12-04 04:45:00,19308.34,19308.52,19297.53,19298.77,30.351365,0.19791666666666666,19303.025
2020-12-04 04:46:00,19297.02,19300.0,19291.5,19296.25,35.764116,0.1986111111111111,19295.75
2020-12-04 04:47:00,19296.25,19296.25,19287.5,19290.95,31.539045,0.19930555555555557,19291.875
2020-12-04 04:48:00,19290.96,19295.0,19290.85,19294.51,23.546323,0.2,19292.925
2020-12-04 04:49:00,19294.51,19294.51,19292.94,19292.95,18.542324,0.20069444444444445,19293.725
2020-12-04 04:50:00,19292.94,19292.94,19278.0,19289.9,35.17463,0.2013888888888889,19285.47
2020-12-04 04:51:00,19289.74,19289.74,19278.01,19284.83,24.635225,0.20208333333333334,19283.875
2020-12-04 04:52:00,19284.82,19284.83,19279.0,19280.14,15.625103,0.20277777777777778,19281.915
2020-12-04 04:53:00,19279.82,19292.5,19275.35,19286.38,34.639848,0.20347222222222222,19283.925
2020-12-04 04:54:00,19286.38,19286.38,19275.27,19278.81,23.944869,0.20416666666666666,19280.825
2020-12-04 04:55:00,19278.81,19282.63,19269.48,19280.44,27.988878,0.2048611111111111,19276.055
2020-12-04 04:56:00,19280.43,19293.0,19273.79,19288.57,43.139433,0.20555555555555555,19283.395
2020-12-04 04:57:00,19288.58,19288.58,19278.64,19285.07,26.136806,0.20625,19283.61
2020-12-04 04:58:00,19285.08,19290.72,19279.66,19288.57,25.279806,0.20694444444444443,19285.190000000002
2020-12-04 04:59:00,19288.57,19292.61,19279.11,19286.78,19.833609,0.2076388888888889,19285.86
2020-12-04 05:00:00,19286.78,19288.96,19262.67,19268.43,34.569524,0.20833333333333334,19275.815
2020-12-04 05:01:00,19268.42,19287.0,19268.42,19283.41,50.674878,0.20902777777777778,19277.71
2020-12-04 05:02:00,19283.53,19286.76,19279.02,19285.79,20.032754,0.20972222222222223,19282.89
2020-12-04 05:03:00,19285.79,19310.3,19284.81,19307.5,42.893538,0.21041666666666667,19297.555
2020-12-04 05:04:00,19307.51,19311.1,19304.41,19310.0,44.603235,0.2111111111111111,19307.754999999997
2020-12-04 05:05:00,19310.0,19310.0,19292.5,19295.94,33.021017,0.21180555555555555,19301.25
2020-12-04 05:06:00,19295.94,19305.0,19295.94,19300.0,43.232779,0.2125,19300.47
2020-12-04 05:07:00,19300.01,19308.03,19300.0,19300.01,28.793719,0.21319444444444444,19304.015
2020-12-04 05:08:00,19300.01,19307.65,19300.0,19305.22,23.167428,0.21388888888888888,19303.825
2020-12-04 05:09:00,19305.22,19307.01,19290.0,19297.83,59.566956,0.21458333333333332,19298.504999999997
2020-12-04 05:10:00,19297.84,19300.12,19290.0,19297.85,35.339395,0.2152777777777778,19295.059999999998
2020-12-04 05:11:00,19297.84,19300.0,19289.35,19296.54,23.371711,0.21597222222222223,19294.675
2020-12-04 05:12:00,19296.54,19300.48,19289.45,19300.47,22.981417,0.21666666666666667,19294.965
2020-12-04 05:13:00,19300.48,19303.83,19296.65,19296.68,31.559265,0.21736111111111112,19300.24
2020-12-04 05:14:00,19296.67,19302.76,19292.29,19301.83,23.309531,0.21805555555555556,19297.525
2020-12-04 05:15:00,19301.83,19305.43,19299.06,19303.26,17.28702,0.21875,19302.245000000003
2020-12-04 05:16:00,19303.58,19305.24,19294.65,19299.58,21.958029,0.21944444444444444,19299.945
2020-12-04 05:17:00,19299.57,19301.63,19295.98,19300.33,26.443288,0.22013888888888888,19298.805
2020-12-04 05:18:00,19300.77,19303.82,19293.0,19301.01,18.68258,0.22083333333333333,19298.41
2020-12-04 05:19:00,19301.01,19310.0,19300.51,19308.6,35.054713,0.22152777777777777,19305.254999999997
2020-12-04 05:20:00,19308.6,19312.79,19300.0,19300.91,43.047174,0.2222222222222222,19306.395
2020-12-04 05:21:00,19300.91,19302.7,19298.84,19299.89,20.584152,0.22291666666666668,19300.77
2020-12-04 05:22:00,19299.89,19299.9,19288.2,19291.31,22.573198,0.22361111111111112,19294.050000000003
2020-12-04 05:23:00,19291.45,19294.42,19287.43,19288.69,21.835407,0.22430555555555556,19290.925
2020-12-04 05:24:00,19288.68,19299.5,19287.09,19294.94,21.750581,0.225,19293.295
2020-12-04 05:25:00,19295.09,19297.26,19283.4,19293.59,32.802387,0.22569444444444445,19290.33
2020-12-04 05:26:00,19293.59,19302.62,19272.7,19302.62,31.941445,0.2263888888888889,19287.66
2020-12-04 05:27:00,19302.61,19302.61,19288.99,19292.92,18.038721,0.22708333333333333,19295.800000000003
2020-12-04 05:28:00,19292.91,19302.0,19292.91,19300.01,12.369931,0.22777777777777777,19297.455
2020-12-04 05:29:00,19300.01,19300.01,19289.57,19298.58,13.352182,0.22847222222222222,19294.79
2020-12-04 05:30:00,19298.58,19303.45,19298.29,19300.4,17.010569,0.22916666666666666,19300.870000000003
2020-12-04 05:31:00,19300.4,19300.4,19288.0,19289.7,33.62855,0.2298611111111111,19294.2
2020-12-04 05:32:00,19289.24,19289.75,19276.76,19278.76,26.921631,0.23055555555555557,19283.254999999997
2020-12-04 05:33:00,19278.75,19290.85,19276.27,19288.12,26.57759,0.23125,19283.559999999998
2020-12-04 05:34:00,19288.12,19288.13,19264.05,19269.94,29.12494,0.23194444444444445,19276.09
2020-12-04 05:35:00,19269.5,19280.0,19265.72,19279.47,31.916134,0.2326388888888889,19272.86
2020-12-04 05:36:00,19279.48,19279.48,19263.28,19265.76,17.390371,0.23333333333333334,19271.379999999997
2020-12-04 05:37:00,19265.76,19276.99,19263.9,19272.35,14.652156,0.23402777777777778,19270.445
2020-12-04 05:38:00,19273.21,19274.0,19266.43,19267.26,14.548054,0.23472222222222222,19270.215
2020-12-04 05:39:00,19266.86,19282.08,19266.76,19273.49,22.999107,0.23541666666666666,19274.42
2020-12-04 05:40:00,19273.49,19279.29,19268.39,19268.39,12.838424,0.2361111111111111,19273.84
2020-12-04 05:41:00,19268.39,19276.98,19265.64,19265.92,16.157481,0.23680555555555555,19271.309999999998
2020-12-04 05:42:00,19265.92,19271.0,19263.25,19269.49,16.385963,0.2375,19267.125
2020-12-04 05:43:00,19269.5,19271.51,19261.34,19261.35,18.917374,0.23819444444444443,19266.425
2020-12-04 05:44:00,19261.35,19270.8,19257.9,19263.0,36.104513,0.2388888888888889,19264.35
2020-12-04 05:45:00,19263.01,19263.01,19250.0,19253.92,30.091718,0.23958333333333334,19256.504999999997
2020-12-04 05:46:00,19253.92,19259.86,19250.0,19251.82,18.739125,0.24027777777777778,19254.93
2020-12-04 05:47:00,19251.83,19251.83,19239.5,19244.28,23.888379,0.24097222222222223,19245.665
2020-12-04 05:48:00,19244.27,19255.68,19243.89,19250.0,11.232957,0.24166666666666667,19249.785
2020-12-04 05:49:00,19250.0,19255.95,19247.12,19255.37,20.630534,0.2423611111111111,19251.535
2020-12-04 05:50:00,19255.37,19255.37,19247.49,19251.06,22.475097,0.24305555555555555,19251.43
2020-12-04 05:51:00,19251.06,19253.7,19235.01,19237.77,38.477807,0.24375,19244.355
2020-12-04 05:52:00,19237.77,19248.0,19237.34,19238.98,17.672447,0.24444444444444444,19242.67
2020-12-04 05:53:00,19238.98,19239.86,19218.25,19222.55,25.183082,0.24513888888888888,19229.055
2020-12-04 05:54:00,19222.55,19222.56,19205.0,19213.62,33.89682,0.24583333333333332,19213.78
2020-12-04 05:55:00,19213.62,19221.26,19210.0,19219.66,23.226979,0.2465277777777778,19215.629999999997
2020-12-04 05:56:00,19220.01,19221.26,19207.17,19217.59,16.223881,0.24722222222222223,19214.214999999997
2020-12-04 05:57:00,19217.58,19217.59,19208.5,19210.86,12.478451,0.24791666666666667,19213.045
2020-12-04 05:58:00,19210.85,19211.84,19200.01,19204.41,27.739993,0.24861111111111112,19205.925
2020-12-04 05:59:00,19204.41,19205.52,19190.52,19200.07,75.233624,0.24930555555555556,19198.02
2020-12-04 06:00:00,19200.01,19206.38,19192.89,19203.97,51.47457,0.25,19199.635000000002
2020-12-04 06:01:00,19203.97,19237.12,19203.57,19237.12,42.982319,0.25069444444444444,19220.345
2020-12-04 06:02:00,19237.12,19245.5,19231.03,19243.64,29.68889,0.2513888888888889,19238.265
2020-12-04 06:03:00,19243.52,19244.63,19221.1,19233.87,29.862523,0.2520833333333333,19232.864999999998
2020-12-04 06:04:00,19233.86,19243.99,19227.64,19229.08,29.005411,0.25277777777777777,19235.815000000002
2020-12-04 06:05:00,19229.09,19239.57,19227.64,19238.52,14.394318,0.2534722222222222,19233.605
2020-12-04 06:06:00,19238.04,19245.17,19235.7,19243.01,27.172016,0.25416666666666665,19240.434999999998
2020-12-04 06:07:00,19243.0,19254.49,19237.0,19251.41,25.259434,0.2548611111111111,19245.745000000003
2020-12-04 06:08:00,19251.4,19255.0,19242.68,19243.47,14.768882,0.25555555555555554,19248.84
2020-12-04 06:09:00,19243.82,19251.7,19240.93,19244.6,12.233618,0.25625,19246.315000000002
2020-12-04 06:10:00,19244.61,19254.45,19244.61,19247.68,24.477505,0.2569444444444444,19249.53
2020-12-04 06:11:00,19247.68,19253.78,19240.0,19246.49,29.831776,0.25763888888888886,19246.89
2020-12-04 06:12:00,19246.49,19251.19,19246.49,19249.42,8.912782,0.25833333333333336,19248.84
2020-12-04 06:13:00,19249.29,19260.49,19249.28,19259.08,16.106267,0.2590277777777778,19254.885000000002
2020-12-04 06:14:00,19259.08,19283.96,19259.08,19282.18,26.552264,0.25972222222222224,19271.52
2020-12-04 06:15:00,19282.18,19288.79,19262.01,19264.14,47.505501,0.2604166666666667,19275.4
2020-12-04 06:16:00,19264.14,19289.55,19262.88,19288.89,69.958586,0.2611111111111111,19276.215
2020-12-04 06:17:00,19288.88,19292.92,19282.41,19285.01,27.677649,0.26180555555555557,19287.665
2020-12-04 06:18:00,19285.0,19308.77,19285.0,19308.67,48.514739,0.2625,19296.885000000002
2020-12-04 06:19:00,19308.66,19308.66,19292.5,19300.63,38.149434,0.26319444444444445,19300.58
2020-12-04 06:20:00,19300.63,19306.0,19295.94,19301.77,22.356222,0.2638888888888889,19300.97
2020-12-04 06:21:00,19301.76,19310.0,19295.04,19305.51,24.007284,0.26458333333333334,19302.52
2020-12-04 06:22:00,19305.5,19310.0,19302.2,19309.63,9.54733,0.2652777777777778,19306.1
2020-12-04 06:23:00,19309.63,19312.5,19308.66,19311.81,25.878691,0.2659722222222222,19310.58
2020-12-04 06:24:00,19311.82,19342.94,19311.81,19332.15,76.314788,0.26666666666666666,19327.375
2020-12-04 06:25:00,19336.17,19342.94,19324.94,19341.59,42.705119,0.2673611111111111,19333.94
2020-12-04 06:26:00,19341.59,19360.0,19340.69,19352.0,115.830575,0.26805555555555555,19350.345
2020-12-04 06:27:00,19352.0,19352.83,19346.5,19348.26,15.27866,0.26875,19349.665
2020-12-04 06:28:00,19348.26,19348.94,19338.86,19342.48,30.880627,0.26944444444444443,19343.9
2020-12-04 06:29:00,19342.48,19367.05,19342.48,19361.25,63.5315,0.2701388888888889,19354.765
2020-12-04 06:30:00,19361.25,19361.25,19333.33,19339.17,51.06085,0.2708333333333333,19347.29
2020-12-04 06:31:00,19339.18,19342.95,19333.64,19336.76,28.215371,0.27152777777777776,19338.295
2020-12-04 06:32:00,19336.76,19339.55,19329.18,19336.93,19.770461,0.2722222222222222,19334.364999999998
2020-12-04 06:33:00,19336.94,19349.0,19334.85,19343.71,27.449784,0.27291666666666664,19341.925
2020-12-04 06:34:00,19343.71,19343.71,19330.05,19332.9,19.413218,0.27361111111111114,19336.879999999997
2020-12-04 06:35:00,19332.9,19342.0,19331.99,19335.0,14.412862,0.2743055555555556,19336.995000000003
2020-12-04 06:36:00,19335.0,19339.78,19330.28,19333.12,27.045933,0.275,19335.03
2020-12-04 06:37:00,19333.12,19334.37,19325.13,19330.65,17.383647,0.27569444444444446,19329.75
2020-12-04 06:38:00,19330.65,19332.69,19326.34,19326.35,18.501009,0.2763888888888889,19329.515
2020-12-04 06:39:00,19326.35,19333.0,19323.03,19327.96,24.876856,0.27708333333333335,19328.015
2020-12-04 06:40:00,19327.96,19336.77,19326.5,19331.68,17.850131,0.2777777777777778,19331.635000000002
2020-12-04 06:41:00,19331.67,19331.67,19317.22,19317.23,35.236351,0.27847222222222223,19324.445
2020-12-04 06:42:00,19317.2,19320.01,19310.0,19318.34,30.013296,0.2791666666666667,19315.004999999997
2020-12-04 06:43:00,19318.35,19326.0,19316.73,19318.43,12.575713,0.2798611111111111,19321.364999999998
2020-12-04 06:44:00,19318.44,19325.2,19308.11,19325.19,49.183123,0.28055555555555556,19316.655
2020-12-04 06:45:00,19325.09,19325.09,19315.23,19315.23,16.117186,0.28125,19320.16
2020-12-04 06:46:00,19315.23,19320.11,19309.64,19311.5,20.576482,0.28194444444444444,19314.875
2020-12-04 06:47:00,19311.49,19317.83,19300.0,19303.34,46.022978,0.2826388888888889,19308.915
2020-12-04 06:48:00,19303.34,19320.0,19300.12,19313.51,26.970858,0.2833333333333333,19310.059999999998
2020-12-04 06:49:00,19313.21,19315.0,19308.13,19314.99,16.263042,0.28402777777777777,19311.565000000002
2020-12-04 06:50:00,19315.0,19316.0,19306.99,19315.99,13.143847,0.2847222222222222,19311.495000000003
2020-12-04 06:51:00,19316.0,19316.0,19308.0,19312.23,15.283862,0.28541666666666665,19312.0
2020-12-04 06:52:00,19312.22,19315.55,19306.13,19312.55,25.403143,0.2861111111111111,19310.84
2020-12-04 06:53:00,19312.54,19314.57,19309.12,19313.41,17.002674,0.28680555555555554,19311.845
2020-12-04 06:54:00,19313.4,19331.78,19309.0,19329.56,37.895746,0.2875,19320.39
2020-12-04 06:55:00,19329.56,19334.29,19323.14,19327.39,37.017913,0.2881944444444444,19328.715
2020-12-04 06:56:00,19327.04,19333.72,19320.08,19329.13,35.644888,0.28888888888888886,19326.9
2020-12-04 06:57:00,19329.12,19331.03,19322.5,19324.99,15.66827,0.28958333333333336,19326.765
2020-12-04 06:58:00,19324.99,19329.26,19310.0,19311.49,23.215248,0.2902777777777778,19319.629999999997
2020-12-04 06:59:00,19311.49,19320.0,19311.49,19317.13,11.501041,0.29097222222222224,19315.745000000003
2020-12-04 07:00:00,19317.13,19317.52,19310.0,19314.49,24.196833,0.2916666666666667,19313.760000000002
2020-12-04 07:01:00,19314.5,19315.0,19300.0,19300.0,52.155259,0.2923611111111111,19307.5
2020-12-04 07:02:00,19300.01,19310.0,19295.45,19306.62,35.42095,0.29305555555555557,19302.725
2020-12-04 07:03:00,19306.61,19306.62,19287.17,19287.17,13.632601,0.29375,19296.894999999997
2020-12-04 07:04:00,19287.17,19295.49,19283.22,19291.97,19.818444,0.29444444444444445,19289.355000000003
2020-12-04 07:05:00,19291.98,19300.58,19291.97,19296.13,12.766654,0.2951388888888889,19296.275
2020-12-04 07:06:00,19296.41,19298.5,19276.38,19278.72,30.289965,0.29583333333333334,19287.440000000002
2020-12-04 07:07:00,19278.72,19288.06,19275.26,19281.43,53.712014,0.2965277777777778,19281.66
2020-12-04 07:08:00,19281.44,19282.13,19273.88,19277.42,19.622787,0.2972222222222222,19278.005
2020-12-04 07:09:00,19277.41,19279.62,19269.65,19269.8,31.678518,0.29791666666666666,19274.635000000002
2020-12-04 07:10:00,19269.79,19269.79,19258.75,19263.34,38.807534,0.2986111111111111,19264.27
2020-12-04 07:11:00,19263.34,19275.2,19260.45,19271.98,47.371814,0.29930555555555555,19267.825
2020-12-04 07:12:00,19270.12,19273.75,19264.01,19271.9,32.845003,0.3,19268.879999999997
2020-12-04 07:13:00,19271.9,19271.9,19264.7,19267.7,23.768596,0.30069444444444443,19268.300000000003
2020-12-04 07:14:00,19267.7,19270.65,19266.05,19270.19,18.549721,0.3013888888888889,19268.35
2020-12-04 07:15:00,19270.19,19273.44,19265.0,19268.89,13.958886,0.3020833333333333,19269.22
2020-12-04 07:16:00,19268.88,19279.38,19265.02,19279.38,30.688417,0.30277777777777776,19272.2
2020-12-04 07:17:00,19279.38,19280.21,19271.92,19278.3,29.625032,0.3034722222222222,19276.065
2020-12-04 07:18:00,19277.87,19281.04,19272.0,19277.18,26.169023,0.30416666666666664,19276.52
2020-12-04 07:19:00,19277.17,19277.17,19265.76,19268.16,38.096281,0.30486111111111114,19271.464999999997
2020-12-04 07:20:00,19268.16,19277.27,19265.0,19276.35,47.175922,0.3055555555555556,19271.135000000002
2020-12-04 07:21:00,19276.35,19276.35,19272.86,19273.92,15.00382,0.30625,19274.605
2020-12-04 07:22:00,19273.92,19277.27,19273.92,19275.0,39.705255,0.30694444444444446,19275.595
2020-12-04 07:23:00,19275.0,19275.0,19267.4,19270.0,28.499073,0.3076388888888889,19271.2
2020-12-04 07:24:00,19270.0,19274.97,19268.94,19273.94,24.850849,0.30833333333333335,19271.955
2020-12-04 07:25:00,19273.93,19273.93,19269.48,19270.0,35.382741,0.3090277777777778,19271.705
2020-12-04 07:26:00,19270.0,19270.0,19265.46,19270.0,15.51845,0.30972222222222223,19267.73
2020-12-04 07:27:00,19270.0,19271.32,19268.21,19271.07,34.194952,0.3104166666666667,19269.765
2020-12-04 07:28:00,19271.06,19279.1,19265.9,19269.38,92.756674,0.3111111111111111,19272.5
2020-12-04 07:29:00,19269.39,19278.65,19269.38,19270.69,92.16106,0.31180555555555556,19274.015
2020-12-04 07:30:00,19270.68,19270.69,19265.13,19270.0,44.844767,0.3125,19267.91
2020-12-04 07:31:00,19270.0,19275.04,19267.94,19270.96,39.651295,0.31319444444444444,19271.489999999998
2020-12-04 07:32:00,19270.94,19270.94,19244.21,19245.49,65.089805,0.3138888888888889,19257.574999999997
2020-12-04 07:33:00,19245.5,19257.16,19238.31,19250.64,56.856057,0.3145833333333333,19247.735
2020-12-04 07:34:00,19250.64,19278.85,19249.17,19278.85,47.822766,0.31527777777777777,19264.01
2020-12-04 07:35:00,19278.85,19300.06,19278.84,19294.62,40.929853,0.3159722222222222,19289.45
2020-12-04 07:36:00,19294.63,19319.98,19294.63,19311.51,44.162152,0.31666666666666665,19307.305
2020-12-04 07:37:00,19311.51,19320.0,19310.14,19316.4,46.86747,0.3173611111111111,19315.07
2020-12-04 07:38:00,19316.41,19318.0,19302.78,19313.93,18.256488,0.31805555555555554,19310.39
2020-12-04 07:39:00,19313.93,19335.83,19311.52,19326.94,37.401199,0.31875,19323.675000000003
2020-12-04 07:40:00,19326.93,19333.0,19310.98,19318.19,42.489365,0.3194444444444444,19321.989999999998
2020-12-04 07:41:00,19318.18,19328.77,19314.09,19320.01,25.129348,0.32013888888888886,19321.43
2020-12-04 07:42:00,19320.0,19325.55,19313.54,19321.52,30.030786,0.32083333333333336,19319.545
2020-12-04 07:43:00,19321.53,19326.99,19313.65,19319.5,23.862211,0.3215277777777778,19320.32
2020-12-04 07:44:00,19319.5,19321.22,19315.63,19316.34,13.080814,0.32222222222222224,19318.425000000003
2020-12-04 07:45:00,19316.34,19317.83,19313.44,19315.23,12.892583,0.3229166666666667,19315.635000000002
2020-12-04 07:46:00,19315.23,19323.68,19313.08,19317.87,26.748025,0.3236111111111111,19318.38
2020-12-04 07:47:00,19317.87,19327.99,19317.65,19324.85,19.324869,0.32430555555555557,19322.82
2020-12-04 07:48:00,19324.85,19324.91,19300.0,19305.61,37.458315,0.325,19312.455
2020-12-04 07:49:00,19305.61,19313.48,19305.0,19311.99,24.789355,0.32569444444444445,19309.239999999998
2020-12-04 07:50:00,19311.99,19312.52,19305.0,19308.42,19.163652,0.3263888888888889,19308.760000000002
2020-12-04 07:51:00,19308.42,19309.7,19304.76,19308.65,23.990134,0.32708333333333334,19307.23
2020-12-04 07:52:00,19308.65,19311.07,19305.19,19311.07,9.347595,0.3277777777777778,19308.129999999997
2020-12-04 07:53:00,19311.07,19312.77,19290.0,19290.01,36.539509,0.3284722222222222,19301.385000000002
2020-12-04 07:54:00,19290.01,19310.49,19260.0,19307.43,94.837315,0.32916666666666666,19285.245000000003
2020-12-04 07:55:00,19307.43,19307.44,19296.23,19302.42,51.878012,0.3298611111111111,19301.835
2020-12-04 07:56:00,19302.41,19306.62,19296.28,19299.51,44.862418,0.33055555555555555,19301.449999999997
2020-12-04 07:57:00,19299.24,19311.23,19296.59,19305.87,43.318979,0.33125,19303.91
2020-12-04 07:58:00,19305.7,19305.87,19272.52,19275.65,72.568976,0.33194444444444443,19289.195
2020-12-04 07:59:00,19275.65,19300.0,19275.65,19283.94,79.343733,0.3326388888888889,19287.825
2020-12-04 08:00:00,19283.94,19291.5,19281.23,19288.85,37.888674,0.3333333333333333,19286.364999999998
2020-12-04 08:01:00,19288.85,19309.42,19284.02,19298.4,100.901384,0.33402777777777776,19296.72
2020-12-04 08:02:00,19298.4,19303.95,19285.6,19298.42,36.002727,0.3347222222222222,19294.775
2020-12-04 08:03:00,19298.41,19323.74,19298.41,19322.71,30.357465,0.33541666666666664,19311.075
2020-12-04 08:04:00,19322.7,19339.49,19317.55,19339.48,42.184613,0.33611111111111114,19328.52
2020-12-04 08:05:00,19339.48,19347.7,19336.03,19343.59,36.293512,0.3368055555555556,19341.864999999998
2020-12-04 08:06:00,19343.59,19360.0,19337.0,19357.81,63.27794,0.3375,19348.5
2020-12-04 08:07:00,19357.81,19365.0,19356.09,19359.36,23.904105,0.33819444444444446,19360.545
2020-12-04 08:08:00,19359.36,19359.36,19335.42,19346.99,58.742464,0.3388888888888889,19347.39
2020-12-04 08:09:00,19348.29,19356.42,19329.0,19342.17,45.608509,0.33958333333333335,19342.71
2020-12-04 08:10:00,19342.18,19360.9,19342.18,19345.0,98.093436,0.3402777777777778,19351.54
2020-12-04 08:11:00,19345.0,19362.5,19343.23,19351.44,159.458982,0.34097222222222223,19352.864999999998
2020-12-04 08:12:00,19351.43,19358.23,19339.99,19354.53,47.606767,0.3416666666666667,19349.11
2020-12-04 08:13:00,19354.53,19356.28,19338.5,19346.45,31.189049,0.3423611111111111,19347.39
2020-12-04 08:14:00,19345.86,19354.0,19341.0,19354.0,25.717053,0.34305555555555556,19347.5
2020-12-04 08:15:00,19354.0,19365.0,19351.17,19365.0,53.701,0.34375,19358.085
2020-12-04 08:16:00,19365.0,19369.76,19350.72,19353.6,36.370446,0.34444444444444444,19360.239999999998
2020-12-04 08:17:00,19353.6,19366.5,19352.97,19364.79,33.566835,0.3451388888888889,19359.735
2020-12-04 08:18:00,19364.79,19380.0,19362.69,19379.8,53.606285,0.3458333333333333,19371.345
2020-12-04 08:19:00,19379.8,19398.0,19375.72,19385.97,109.380093,0.34652777777777777,19386.86
2020-12-04 08:20:00,19385.97,19396.29,19375.43,19393.46,59.205588,0.3472222222222222,19385.86
2020-12-04 08:21:00,19393.45,19398.0,19389.46,19395.49,50.785252,0.34791666666666665,19393.73
2020-12-04 08:22:00,19395.49,19395.49,19367.49,19373.56,43.534523,0.3486111111111111,19381.49
2020-12-04 08:23:00,19373.56,19390.0,19370.72,19383.52,35.433081,0.34930555555555554,19380.36
2020-12-04 08:24:00,19383.52,19398.0,19377.47,19394.51,46.913567,0.35,19387.735
2020-12-04 08:25:00,19394.51,19398.0,19389.99,19396.02,41.395058,0.3506944444444444,19393.995000000003
2020-12-04 08:26:00,19396.01,19396.34,19384.0,19385.19,44.995317,0.35138888888888886,19390.17
2020-12-04 08:27:00,19385.2,19393.93,19374.27,19385.87,55.482626,0.35208333333333336,19384.1
2020-12-04 08:28:00,19385.87,19419.55,19371.92,19412.94,145.23985,0.3527777777777778,19395.735
2020-12-04 08:29:00,19412.93,19422.9,19406.81,19419.42,72.699113,0.35347222222222224,19414.855000000003
2020-12-04 08:30:00,19419.28,19423.63,19405.89,19413.19,90.46197,0.3541666666666667,19414.760000000002
2020-12-04 08:31:00,19413.18,19422.1,19408.01,19415.68,75.255298,0.3548611111111111,19415.055
2020-12-04 08:32:00,19415.63,19416.38,19401.13,19410.0,44.656899,0.35555555555555557,19408.755
2020-12-04 08:33:00,19410.0,19414.54,19401.85,19407.01,30.928826,0.35625,19408.195
2020-12-04 08:34:00,19407.0,19418.98,19404.5,19409.5,45.056833,0.35694444444444445,19411.739999999998
2020-12-04 08:35:00,19410.81,19441.42,19406.97,19437.42,108.093899,0.3576388888888889,19424.195
2020-12-04 08:36:00,19437.42,19442.01,19406.97,19411.3,70.180563,0.35833333333333334,19424.489999999998
2020-12-04 08:37:00,19411.3,19430.0,19409.36,19429.12,38.699988,0.3590277777777778,19419.68
2020-12-04 08:38:00,19429.12,19434.9,19423.24,19423.25,24.607993,0.3597222222222222,19429.07
2020-12-04 08:39:00,19423.25,19429.95,19420.66,19425.63,19.206293,0.36041666666666666,19425.305
2020-12-04 08:40:00,19425.63,19447.14,19425.62,19440.35,78.123382,0.3611111111111111,19436.379999999997
2020-12-04 08:41:00,19440.35,19443.98,19429.05,19431.85,49.440043,0.36180555555555555,19436.515
2020-12-04 08:42:00,19431.85,19431.86,19420.01,19430.19,55.780603,0.3625,19425.934999999998
2020-12-04 08:43:00,19430.19,19437.8,19422.77,19422.78,42.541027,0.36319444444444443,19430.285
2020-12-04 08:44:00,19422.78,19438.31,19420.77,19422.09,34.141154,0.3638888888888889,19429.54
2020-12-04 08:45:00,19422.09,19427.83,19415.33,19421.32,36.239295,0.3645833333333333,19421.58
2020-12-04 08:46:00,19420.33,19423.87,19358.33,19375.74,109.787206,0.36527777777777776,19391.1
2020-12-04 08:47:00,19375.74,19389.74,19357.76,19374.25,72.252651,0.3659722222222222,19373.75
2020-12-04 08:48:00,19374.25,19389.54,19363.16,19381.09,34.461263,0.36666666666666664,19376.35
2020-12-04 08:49:00,19380.18,19390.37,19375.76,19384.2,29.557196,0.36736111111111114,19383.065
2020-12-04 08:50:00,19384.21,19384.21,19355.35,19362.64,63.526709,0.3680555555555556,19369.78
2020-12-04 08:51:00,19362.64,19370.5,19360.0,19368.61,41.635761,0.36875,19365.25
2020-12-04 08:52:00,19368.61,19370.95,19363.26,19365.37,22.512929,0.36944444444444446,19367.105
2020-12-04 08:53:00,19365.37,19372.96,19355.44,19370.91,29.891916,0.3701388888888889,19364.199999999997
2020-12-04 08:54:00,19370.91,19380.0,19366.63,19378.96,44.341752,0.37083333333333335,19373.315000000002
2020-12-04 08:55:00,19378.95,19387.98,19378.95,19387.78,12.994932,0.3715277777777778,19383.465
2020-12-04 08:56:00,19387.68,19400.0,19387.68,19399.99,47.174176,0.37222222222222223,19393.84
2020-12-04 08:57:00,19399.99,19399.99,19382.61,19385.72,25.78414,0.3729166666666667,19391.300000000003
2020-12-04 08:58:00,19385.61,19400.22,19383.04,19394.96,28.525325,0.3736111111111111,19391.63
2020-12-04 08:59:00,19394.96,19394.96,19376.34,19388.89,27.242781,0.37430555555555556,19385.65
2020-12-04 09:00:00,19388.9,19388.9,19374.63,19379.34,15.34074,0.375,19381.765
2020-12-04 09:01:00,19377.68,19377.68,19367.47,19375.31,26.381296,0.37569444444444444,19372.575
2020-12-04 09:02:00,19375.32,19410.49,19371.21,19409.8,50.979319,0.3763888888888889,19390.85
2020-12-04 09:03:00,19409.81,19409.81,19379.82,19379.82,35.596716,0.3770833333333333,19394.815000000002
2020-12-04 09:04:00,19379.83,19381.0,19365.28,19370.06,26.167187,0.37777777777777777,19373.14
2020-12-04 09:05:00,19370.07,19378.41,19370.06,19375.69,17.840443,0.3784722222222222,19374.235
2020-12-04 09:06:00,19375.68,19387.82,19370.75,19371.37,40.2374,0.37916666666666665,19379.285
2020-12-04 09:07:00,19371.71,19387.62,19370.85,19387.62,71.154534,0.3798611111111111,19379.235
2020-12-04 09:08:00,19387.62,19387.62,19373.04,19375.5,18.305158,0.38055555555555554,19380.33
2020-12-04 09:09:00,19375.51,19375.51,19360.85,19371.66,45.746491,0.38125,19368.18
2020-12-04 09:10:00,19371.67,19378.64,19365.3,19372.25,22.25126,0.3819444444444444,19371.97
2020-12-04 09:11:00,19372.25,19382.51,19366.07,19376.89,28.847995,0.38263888888888886,19374.29
2020-12-04 09:12:00,19376.89,19380.21,19364.0,19364.01,12.328894,0.38333333333333336,19372.105
2020-12-04 09:13:00,19364.01,19376.81,19361.9,19375.4,12.522601,0.3840277777777778,19369.355000000003
2020-12-04 09:14:00,19375.41,19375.41,19346.43,19347.0,47.249552,0.38472222222222224,19360.92
2020-12-04 09:15:00,19347.0,19369.08,19341.22,19366.0,36.222784,0.3854166666666667,19355.15
2020-12-04 09:16:00,19366.01,19368.0,19348.5,19355.11,21.06021,0.3861111111111111,19358.25
2020-12-04 09:17:00,19355.11,19366.47,19351.79,19366.46,15.029954,0.38680555555555557,19359.13
2020-12-04 09:18:00,19366.47,19367.63,19346.82,19358.33,25.391849,0.3875,19357.225
2020-12-04 09:19:00,19358.32,19373.48,19355.72,19370.04,25.772254,0.38819444444444445,19364.6
2020-12-04 09:20:00,19370.05,19374.66,19352.0,19356.24,18.23544,0.3888888888888889,19363.33
2020-12-04 09:21:00,19356.24,19357.72,19330.0,19336.13,29.781287,0.38958333333333334,19343.86
2020-12-04 09:22:00,19336.12,19350.0,19336.1,19349.99,23.678153,0.3902777777777778,19343.05
2020-12-04 09:23:00,19350.0,19350.23,19330.17,19334.38,32.79421,0.3909722222222222,19340.199999999997
2020-12-04 09:24:00,19334.38,19345.48,19326.38,19326.52,23.707079,0.39166666666666666,19335.93
2020-12-04 09:25:00,19326.51,19332.33,19322.03,19324.86,40.257957,0.3923611111111111,19327.18
2020-12-04 09:26:00,19324.86,19328.82,19320.0,19320.85,33.553458,0.39305555555555555,19324.41
2020-12-04 09:27:00,19320.85,19355.42,19316.11,19342.01,41.954508,0.39375,19335.765
2020-12-04 09:28:00,19342.02,19345.0,19336.95,19339.72,26.602986,0.39444444444444443,19340.975
2020-12-04 09:29:00,19339.72,19342.48,19334.98,19335.01,26.154701,0.3951388888888889,19338.73
2020-12-04 09:30:00,19335.01,19345.0,19335.0,19345.0,37.5844,0.3958333333333333,19340.0
2020-12-04 09:31:00,19345.0,19367.16,19344.99,19357.65,72.283536,0.39652777777777776,19356.075
2020-12-04 09:32:00,19357.64,19357.64,19339.01,19344.01,38.558455,0.3972222222222222,19348.324999999997
2020-12-04 09:33:00,19344.01,19350.0,19326.05,19334.15,29.910137,0.39791666666666664,19338.025
2020-12-04 09:34:00,19334.15,19356.74,19334.14,19356.7,46.210343,0.39861111111111114,19345.440000000002
2020-12-04 09:35:00,19356.7,19373.93,19356.0,19362.03,21.157891,0.3993055555555556,19364.965
2020-12-04 09:36:00,19362.02,19375.6,19356.62,19359.1,46.209056,0.4,19366.11
2020-12-04 09:37:00,19359.1,19365.44,19354.74,19362.39,13.913058,0.40069444444444446,19360.09
2020-12-04 09:38:00,19362.39,19362.4,19344.7,19344.95,12.181899,0.4013888888888889,19353.550000000003
2020-12-04 09:39:00,19344.95,19348.66,19341.55,19342.14,27.514662,0.40208333333333335,19345.105
2020-12-04 09:40:00,19342.5,19366.56,19342.49,19361.73,15.871415,0.4027777777777778,19354.525
2020-12-04 09:41:00,19361.74,19362.74,19330.36,19334.7,23.394231,0.40347222222222223,19346.550000000003
2020-12-04 09:42:00,19333.86,19345.82,19321.27,19336.65,31.707956,0.4041666666666667,19333.545
2020-12-04 09:43:00,19336.65,19346.46,19335.5,19340.63,11.276676,0.4048611111111111,19340.98
2020-12-04 09:44:00,19340.63,19340.69,19330.01,19335.49,13.499898,0.40555555555555556,19335.35
2020-12-04 09:45:00,19335.5,19362.32,19335.5,19355.66,29.377557,0.40625,19348.91
2020-12-04 09:46:00,19355.66,19362.46,19341.0,19359.38,34.945005,0.40694444444444444,19351.73
2020-12-04 09:47:00,19359.39,19361.98,19349.5,19353.51,15.553977,0.4076388888888889,19355.739999999998
2020-12-04 09:48:00,19353.52,19365.0,19353.52,19356.85,26.860816,0.4083333333333333,19359.260000000002
2020-12-04 09:49:00,19356.85,19365.0,19351.93,19354.51,16.583153,0.40902777777777777,19358.465
2020-12-04 09:50:00,19354.51,19360.27,19350.01,19350.13,19.786092,0.4097222222222222,19355.14
2020-12-04 09:51:00,19350.13,19355.1,19349.5,19352.99,21.135183,0.41041666666666665,19352.3
2020-12-04 09:52:00,19352.98,19356.27,19350.31,19354.37,12.242957,0.4111111111111111,19353.29
2020-12-04 09:53:00,19354.36,19354.37,19336.27,19345.01,33.617513,0.41180555555555554,19345.32
2020-12-04 09:54:00,19345.01,19376.11,19345.0,19374.85,67.990307,0.4125,19360.555
2020-12-04 09:55:00,19374.86,19374.86,19361.11,19362.09,20.021378,0.4131944444444444,19367.985
2020-12-04 09:56:00,19362.96,19373.99,19360.0,19361.6,13.624944,0.41388888888888886,19366.995000000003
2020-12-04 09:57:00,19361.6,19365.81,19346.51,19354.11,49.460521,0.41458333333333336,19356.16
2020-12-04 09:58:00,19354.69,19360.0,19345.03,19353.5,16.144225,0.4152777777777778,19352.515
2020-12-04 09:59:00,19353.5,19366.0,19350.0,19354.23,29.003446,0.41597222222222224,19358.0
2020-12-04 10:00:00,19354.23,19360.73,19347.51,19347.96,26.791274,0.4166666666666667,19354.12
2020-12-04 10:01:00,19347.96,19347.97,19337.58,19342.25,40.305292,0.4173611111111111,19342.775
2020-12-04 10:02:00,19342.25,19349.48,19332.15,19339.25,56.922617,0.41805555555555557,19340.815000000002
2020-12-04 10:03:00,19339.25,19342.83,19338.31,19342.82,19.861288,0.41875,19340.57
2020-12-04 10:04:00,19342.83,19357.45,19342.0,19345.99,37.250228,0.41944444444444445,19349.725
2020-12-04 10:05:00,19345.98,19345.99,19330.0,19332.49,43.816605,0.4201388888888889,19337.995000000003
2020-12-04 10:06:00,19332.49,19333.78,19255.51,19257.09,130.737656,0.42083333333333334,19294.644999999997
2020-12-04 10:07:00,19258.07,19282.93,19240.0,19244.19,179.420664,0.4215277777777778,19261.465
2020-12-04 10:08:00,19244.18,19275.1,19226.0,19240.2,103.733585,0.4222222222222222,19250.55
2020-12-04 10:09:00,19240.2,19247.46,19186.56,19216.16,203.720039,0.42291666666666666,19217.010000000002
2020-12-04 10:10:00,19215.65,19222.88,19185.48,19190.95,154.026381,0.4236111111111111,19204.18
2020-12-04 10:11:00,19190.95,19192.17,19062.0,19113.28,578.619717,0.42430555555555555,19127.085
2020-12-04 10:12:00,19113.4,19137.89,19089.77,19123.55,246.228602,0.425,19113.83
2020-12-04 10:13:00,19128.44,19159.43,19115.92,19130.59,149.222612,0.42569444444444443,19137.675
2020-12-04 10:14:00,19130.58,19151.0,19096.47,19104.54,166.861931,0.4263888888888889,19123.735
2020-12-04 10:15:00,19104.54,19105.83,19007.0,19015.07,350.913373,0.4270833333333333,19056.415
2020-12-04 10:16:00,19015.07,19018.47,18950.0,18968.08,864.227269,0.42777777777777776,18984.235
2020-12-04 10:17:00,18973.07,18975.81,18900.0,18900.01,810.712486,0.4284722222222222,18937.905
2020-12-04 10:18:00,18900.0,18993.48,18900.0,18953.66,374.085205,0.42916666666666664,18946.739999999998
2020-12-04 10:19:00,18955.14,18989.52,18950.0,18952.54,262.322706,0.42986111111111114,18969.760000000002
2020-12-04 10:20:00,18955.72,19013.9,18950.0,18984.28,169.852716,0.4305555555555556,18981.95
2020-12-04 10:21:00,18984.28,19007.85,18970.0,18996.25,224.28113,0.43125,18988.925
2020-12-04 10:22:00,18995.62,19004.9,18985.0,18990.0,138.379676,0.43194444444444446,18994.95
2020-12-04 10:23:00,18990.0,19001.6,18970.0,18970.0,380.323921,0.4326388888888889,18985.8
2020-12-04 10:24:00,18970.0,18980.14,18929.48,18946.42,201.802577,0.43333333333333335,18954.809999999998
2020-12-04 10:25:00,18946.42,19014.86,18939.84,19009.28,141.238384,0.4340277777777778,18977.35
2020-12-04 10:26:00,19010.95,19021.28,18981.5,18989.84,136.764004,0.43472222222222223,19001.39
2020-12-04 10:27:00,18989.83,18998.0,18955.0,18961.33,81.89237,0.4354166666666667,18976.5
2020-12-04 10:28:00,18961.33,18982.5,18950.0,18964.77,146.045677,0.4361111111111111,18966.25
2020-12-04 10:29:00,18964.76,18965.47,18931.34,18963.63,125.313889,0.43680555555555556,18948.405
2020-12-04 10:30:00,18963.63,18965.46,18901.0,18901.0,177.939767,0.4375,18933.23
2020-12-04 10:31:00,18901.0,18983.33,18900.0,18969.07,227.265273,0.43819444444444444,18941.665
2020-12-04 10:32:00,18969.06,18990.0,18958.5,18964.06,91.395528,0.4388888888888889,18974.25
2020-12-04 10:33:00,18964.06,18984.21,18955.96,18975.36,76.800188,0.4395833333333333,18970.085
2020-12-04 10:34:00,18975.35,18991.11,18961.0,18991.09,94.530994,0.44027777777777777,18976.055
2020-12-04 10:35:00,18987.65,18991.11,18950.0,18976.68,97.575112,0.4409722222222222,18970.555
2020-12-04 10:36:00,18976.66,18980.54,18960.56,18977.56,75.288779,0.44166666666666665,18970.550000000003
2020-12-04 10:37:00,18977.93,18983.75,18967.47,18981.22,52.66626,0.4423611111111111,18975.61
2020-12-04 10:38:00,18981.21,19019.0,18973.0,19011.15,77.930467,0.44305555555555554,18996.0
2020-12-04 10:39:00,19011.14,19044.08,19000.02,19037.21,159.247342,0.44375,19022.050000000003
2020-12-04 10:40:00,19037.21,19049.97,19024.84,19045.78,226.386285,0.4444444444444444,19037.405
2020-12-04 10:41:00,19047.38,19047.95,19037.24,19042.46,85.174284,0.44513888888888886,19042.595
2020-12-04 10:42:00,19042.47,19056.0,19040.59,19054.29,90.661306,0.44583333333333336,19048.295
2020-12-04 10:43:00,19055.79,19057.0,19043.28,19055.57,78.007525,0.4465277777777778,19050.14
2020-12-04 10:44:00,19055.56,19065.31,19040.0,19040.0,97.952578,0.44722222222222224,19052.655
2020-12-04 10:45:00,19040.01,19043.23,18955.95,18957.83,154.901066,0.4479166666666667,18999.59
2020-12-04 10:46:00,18957.82,18995.31,18934.0,18995.3,252.031536,0.4486111111111111,18964.655
2020-12-04 10:47:00,18995.3,18995.79,18965.7,18989.51,105.293575,0.44930555555555557,18980.745000000003
2020-12-04 10:48:00,18989.78,19017.46,18980.5,19016.2,85.956558,0.45,18998.98
2020-12-04 10:49:00,19016.2,19026.97,19007.19,19014.45,66.107523,0.45069444444444445,19017.08
2020-12-04 10:50:00,19014.46,19034.18,19005.08,19017.61,85.559713,0.4513888888888889,19019.63
2020-12-04 10:51:00,19017.61,19024.98,18991.01,18991.01,54.034754,0.45208333333333334,19007.995
2020-12-04 10:52:00,18991.67,19026.53,18986.6,19016.97,94.367011,0.4527777777777778,19006.565
2020-12-04 10:53:00,19016.97,19023.08,18995.78,19010.35,54.98353,0.4534722222222222,19009.43
2020-12-04 10:54:00,19010.34,19021.44,18985.21,18986.95,53.123567,0.45416666666666666,19003.324999999997
2020-12-04 10:55:00,18986.95,19014.24,18986.95,19000.95,61.147417,0.4548611111111111,19000.595
2020-12-04 10:56:00,19000.96,19000.96,18969.99,18982.23,119.490796,0.45555555555555555,18985.475
2020-12-04 10:57:00,18982.23,19000.01,18976.5,18987.52,67.43813,0.45625,18988.254999999997
2020-12-04 10:58:00,18987.08,18999.86,18978.67,18989.26,65.770082,0.45694444444444443,18989.265
2020-12-04 10:59:00,18989.26,18994.3,18974.79,18978.35,55.962273,0.4576388888888889,18984.545
2020-12-04 11:00:00,18978.35,18994.5,18956.89,18982.61,71.947814,0.4583333333333333,18975.695
2020-12-04 11:01:00,18982.61,19024.67,18982.6,19015.82,72.084642,0.45902777777777776,19003.635
2020-12-04 11:02:00,19015.83,19034.22,19008.29,19026.7,45.497537,0.4597222222222222,19021.255
2020-12-04 11:03:00,19026.71,19037.96,19020.36,19036.67,42.673495,0.46041666666666664,19029.16
2020-12-04 11:04:00,19036.68,19049.41,19030.0,19047.97,49.184038,0.46111111111111114,19039.705
2020-12-04 11:05:00,19047.77,19049.4,19026.31,19029.59,72.146424,0.4618055555555556,19037.855000000003
2020-12-04 11:06:00,19031.37,19037.0,19010.2,19014.99,28.930716,0.4625,19023.6
2020-12-04 11:07:00,19015.0,19033.77,19000.37,19028.43,86.862612,0.46319444444444446,19017.07
2020-12-04 11:08:00,19028.42,19037.57,19014.02,19030.3,73.338699,0.4638888888888889,19025.795
2020-12-04 11:09:00,19029.96,19042.36,19020.61,19023.62,32.670494,0.46458333333333335,19031.485
2020-12-04 11:10:00,19023.62,19040.0,19023.27,19037.14,51.581201,0.4652777777777778,19031.635000000002
2020-12-04 11:11:00,19037.13,19057.14,19034.26,19050.02,63.956673,0.46597222222222223,19045.699999999997
2020-12-04 11:12:00,19050.02,19050.02,19031.33,19038.71,81.107062,0.4666666666666667,19040.675000000003
2020-12-04 11:13:00,19038.72,19046.0,19033.66,19035.82,42.797737,0.4673611111111111,19039.83
2020-12-04 11:14:00,19035.81,19069.62,19035.81,19069.62,48.889331,0.46805555555555556,19052.715
2020-12-04 11:15:00,19069.68,19073.81,19035.43,19035.44,70.413424,0.46875,19054.620000000003
2020-12-04 11:16:00,19035.43,19060.5,19033.8,19054.39,42.798562,0.46944444444444444,19047.15
2020-12-04 11:17:00,19054.4,19063.74,19042.31,19058.66,50.406049,0.4701388888888889,19053.025
2020-12-04 11:18:00,19058.65,19068.64,19058.0,19058.0,41.788458,0.4708333333333333,19063.32
2020-12-04 11:19:00,19058.01,19058.01,19040.18,19046.53,51.321326,0.47152777777777777,19049.095
2020-12-04 11:20:00,19046.53,19070.08,19046.53,19068.38,68.435434,0.4722222222222222,19058.305
2020-12-04 11:21:00,19069.24,19069.24,19050.0,19056.98,40.995469,0.47291666666666665,19059.620000000003
2020-12-04 11:22:00,19056.97,19057.76,19043.88,19044.24,48.938434,0.4736111111111111,19050.82
2020-12-04 11:23:00,19044.23,19055.24,19033.27,19036.41,42.023616,0.47430555555555554,19044.255
2020-12-04 11:24:00,19036.4,19043.09,19033.13,19037.79,36.503983,0.475,19038.11
2020-12-04 11:25:00,19037.78,19050.0,19033.89,19036.0,39.353557,0.4756944444444444,19041.945
2020-12-04 11:26:00,19036.0,19036.01,19010.68,19010.68,57.338211,0.47638888888888886,19023.345
2020-12-04 11:27:00,19014.01,19015.0,18967.75,18984.65,186.86661,0.47708333333333336,18991.375
2020-12-04 11:28:00,18984.65,19018.34,18982.39,19006.82,79.81903,0.4777777777777778,19000.364999999998
2020-12-04 11:29:00,19005.18,19011.37,18984.0,18986.11,58.209388,0.47847222222222224,18997.684999999998
2020-12-04 11:30:00,18985.19,18985.19,18925.0,18927.17,155.770922,0.4791666666666667,18955.095
2020-12-04 11:31:00,18927.17,18963.12,18900.0,18933.01,319.733514,0.4798611111111111,18931.559999999998
2020-12-04 11:32:00,18933.01,18979.47,18933.0,18945.08,101.01438,0.48055555555555557,18956.235
2020-12-04 11:33:00,18945.08,18964.85,18925.53,18964.03,63.46183,0.48125,18945.19
2020-12-04 11:34:00,18964.03,18968.37,18949.5,18961.54,36.939866,0.48194444444444445,18958.934999999998
2020-12-04 11:35:00,18962.27,18980.23,18954.9,18978.06,100.147441,0.4826388888888889,18967.565000000002
2020-12-04 11:36:00,18978.06,18983.33,18960.0,18973.43,46.584268,0.48333333333333334,18971.665
2020-12-04 11:37:00,18973.43,18987.82,18970.93,18980.73,72.201418,0.4840277777777778,18979.375
2020-12-04 11:38:00,18980.73,19029.34,18976.68,19026.91,56.544768,0.4847222222222222,19003.010000000002
2020-12-04 11:39:00,19026.91,19043.0,19022.47,19030.19,53.952392,0.48541666666666666,19032.735
2020-12-04 11:40:00,19030.19,19050.24,19023.54,19035.84,43.928407,0.4861111111111111,19036.89
2020-12-04 11:41:00,19035.79,19077.16,19035.78,19072.49,63.658792,0.48680555555555555,19056.47
2020-12-04 11:42:00,19072.49,19074.32,19047.43,19051.09,44.38164,0.4875,19060.875
2020-12-04 11:43:00,19052.06,19059.1,19036.32,19046.64,52.798928,0.48819444444444443,19047.71
2020-12-04 11:44:00,19046.78,19053.69,19028.14,19037.68,62.633993,0.4888888888888889,19040.915
2020-12-04 11:45:00,19037.69,19038.25,19012.6,19013.18,77.439662,0.4895833333333333,19025.425
2020-12-04 11:46:00,19013.18,19016.39,18971.34,18999.88,121.359357,0.49027777777777776,18993.864999999998
2020-12-04 11:47:00,18999.88,19002.5,18958.84,18974.61,82.929001,0.4909722222222222,18980.67
2020-12-04 11:48:00,18974.61,18976.02,18956.28,18957.62,45.515071,0.49166666666666664,18966.15
2020-12-04 11:49:00,18957.62,18970.71,18941.59,18962.0,63.003955,0.49236111111111114,18956.15
2020-12-04 11:50:00,18961.45,18981.0,18954.21,18981.0,51.65233,0.4930555555555556,18967.605
2020-12-04 11:51:00,18979.95,18999.42,18975.89,18978.01,56.385948,0.49375,18987.655
2020-12-04 11:52:00,18978.01,18978.01,18937.34,18947.56,42.946919,0.49444444444444446,18957.675
2020-12-04 11:53:00,18946.0,18965.01,18931.92,18934.64,45.571244,0.4951388888888889,18948.464999999997
2020-12-04 11:54:00,18934.64,18935.51,18872.0,18910.42,306.950183,0.49583333333333335,18903.754999999997
2020-12-04 11:55:00,18910.42,18937.5,18855.0,18862.55,216.870677,0.4965277777777778,18896.25
2020-12-04 11:56:00,18862.55,18929.16,18857.05,18894.29,201.997553,0.49722222222222223,18893.105
2020-12-04 11:57:00,18894.8,18916.67,18863.0,18891.44,159.503797,0.4979166666666667,18889.835
2020-12-04 11:58:00,18891.44,18895.64,18867.87,18876.79,82.846308,0.4986111111111111,18881.754999999997
2020-12-04 11:59:00,18877.14,18879.0,18700.0,18833.25,619.345471,0.49930555555555556,18789.5
2020-12-04 12:00:00,18834.48,18868.56,18771.1,18812.43,261.208733,0.5,18819.83
2020-12-04 12:01:00,18812.43,18817.15,18767.0,18788.76,144.13258,0.5006944444444444,18792.075
2020-12-04 12:02:00,18792.24,18841.0,18755.0,18840.23,180.353867,0.5013888888888889,18798.0
2020-12-04 12:03:00,18840.23,18875.0,18835.47,18853.72,136.196275,0.5020833333333333,18855.235
2020-12-04 12:04:00,18853.72,18873.13,18836.84,18855.69,95.387818,0.5027777777777778,18854.985
2020-12-04 12:05:00,18855.69,18894.99,18855.68,18878.67,97.0321,0.5034722222222222,18875.335
2020-12-04 12:06:00,18879.38,18888.99,18847.87,18875.85,80.782699,0.5041666666666667,18868.43
2020-12-04 12:07:00,18875.84,18890.0,18810.73,18824.65,212.205385,0.5048611111111111,18850.364999999998
2020-12-04 12:08:00,18823.98,18850.55,18777.16,18846.84,197.192384,0.5055555555555555,18813.855
2020-12-04 12:09:00,18845.12,18845.12,18806.94,18835.22,90.404991,0.50625,18826.03
2020-12-04 12:10:00,18835.21,18840.0,18813.96,18823.26,95.876029,0.5069444444444444,18826.98
2020-12-04 12:11:00,18823.27,18832.96,18795.19,18818.82,88.005919,0.5076388888888889,18814.074999999997
2020-12-04 12:12:00,18818.81,18818.82,18717.68,18754.21,198.688951,0.5083333333333333,18768.25
2020-12-04 12:13:00,18755.94,18777.99,18696.84,18723.06,369.289256,0.5090277777777777,18737.415
2020-12-04 12:14:00,18724.25,18764.48,18686.38,18750.0,293.464093,0.5097222222222222,18725.43
2020-12-04 12:15:00,18746.32,18749.97,18690.0,18700.0,178.155864,0.5104166666666666,18719.985
2020-12-04 12:16:00,18695.59,18735.0,18695.0,18716.56,148.289571,0.5111111111111111,18715.0
2020-12-04 12:17:00,18716.56,18770.0,18716.56,18748.33,135.032035,0.5118055555555555,18743.28
2020-12-04 12:18:00,18748.25,18750.83,18720.0,18743.46,63.792417,0.5125,18735.415
2020-12-04 12:19:00,18743.47,18772.71,18743.47,18768.08,84.284146,0.5131944444444444,18758.09
2020-12-04 12:20:00,18768.07,18834.42,18764.42,18825.65,158.094616,0.5138888888888888,18799.42
2020-12-04 12:21:00,18825.51,18836.32,18809.12,18820.97,126.576107,0.5145833333333333,18822.72
2020-12-04 12:22:00,18820.97,18846.42,18820.97,18839.78,83.557777,0.5152777777777777,18833.695
2020-12-04 12:23:00,18839.33,18854.15,18800.0,18807.01,132.558017,0.5159722222222223,18827.075
2020-12-04 12:24:00,18807.0,18833.96,18803.13,18828.98,109.462728,0.5166666666666667,18818.545
2020-12-04 12:25:00,18829.22,18866.09,18824.06,18863.85,108.691904,0.5173611111111112,18845.075
2020-12-04 12:26:00,18863.86,18875.0,18851.39,18856.3,103.61559,0.5180555555555556,18863.195
2020-12-04 12:27:00,18856.29,18863.58,18842.16,18853.87,46.718771,0.51875,18852.870000000003
2020-12-04 12:28:00,18853.86,18854.61,18836.58,18851.14,69.517021,0.5194444444444445,18845.595
2020-12-04 12:29:00,18851.15,18873.3,18845.13,18856.05,68.014759,0.5201388888888889,18859.215
2020-12-04 12:30:00,18856.05,18882.54,18852.84,18882.54,57.513583,0.5208333333333334,18867.690000000002
2020-12-04 12:31:00,18882.54,18889.99,18867.69,18888.56,92.848566,0.5215277777777778,18878.84
2020-12-04 12:32:00,18888.57,18936.28,18888.56,18930.63,145.000067,0.5222222222222223,18912.42
2020-12-04 12:33:00,18930.64,18946.35,18900.0,18936.77,145.373803,0.5229166666666667,18923.175
2020-12-04 12:34:00,18936.77,18938.18,18907.65,18907.66,105.299327,0.5236111111111111,18922.915
2020-12-04 12:35:00,18907.65,18938.0,18907.65,18919.7,129.377011,0.5243055555555556,18922.825
2020-12-04 12:36:00,18919.7,18933.9,18907.9,18927.03,68.223467,0.525,18920.9
2020-12-04 12:37:00,18927.03,18930.0,18915.0,18920.74,75.347119,0.5256944444444445,18922.5
2020-12-04 12:38:00,18920.74,18937.03,18916.02,18932.03,79.66237,0.5263888888888889,18926.525
2020-12-04 12:39:00,18930.47,18939.46,18921.82,18939.45,78.660028,0.5270833333333333,18930.64
2020-12-04 12:40:00,18939.45,18940.0,18923.5,18925.48,55.4609,0.5277777777777778,18931.75
2020-12-04 12:41:00,18925.47,18936.97,18912.0,18930.41,79.521552,0.5284722222222222,18924.485
2020-12-04 12:42:00,18930.41,18936.93,18922.0,18932.19,84.843121,0.5291666666666667,18929.465
2020-12-04 12:43:00,18932.19,18973.96,18926.19,18958.01,121.140078,0.5298611111111111,18950.074999999997
2020-12-04 12:44:00,18958.01,18977.16,18950.84,18968.54,76.813062,0.5305555555555556,18964.0
2020-12-04 12:45:00,18968.54,18979.5,18954.0,18960.24,67.077851,0.53125,18966.75
2020-12-04 12:46:00,18960.23,18960.24,18930.0,18934.71,128.384783,0.5319444444444444,18945.120000000003
2020-12-04 12:47:00,18934.71,18965.44,18934.71,18962.07,66.567049,0.5326388888888889,18950.074999999997
2020-12-04 12:48:00,18962.07,18962.08,18934.15,18937.33,59.11503,0.5333333333333333,18948.115
2020-12-04 12:49:00,18937.32,18938.99,18932.73,18935.34,42.41567,0.5340277777777778,18935.86
2020-12-04 12:50:00,18935.4,18938.99,18932.15,18934.41,29.299407,0.5347222222222222,18935.57
2020-12-04 12:51:00,18934.41,18943.22,18911.0,18930.0,92.861612,0.5354166666666667,18927.11
2020-12-04 12:52:00,18930.0,18930.01,18905.74,18908.27,81.0151,0.5361111111111111,18917.875
2020-12-04 12:53:00,18908.27,18920.0,18900.0,18913.26,113.840509,0.5368055555555555,18910.0
2020-12-04 12:54:00,18913.27,18991.21,18913.26,18988.0,56.357818,0.5375,18952.235
2020-12-04 12:55:00,18988.0,18988.01,18960.88,18969.96,57.278637,0.5381944444444444,18974.445
2020-12-04 12:56:00,18971.6,18976.24,18952.51,18966.81,34.35969,0.5388888888888889,18964.375
2020-12-04 12:57:00,18966.82,18967.26,18951.32,18952.87,56.416268,0.5395833333333333,18959.29
2020-12-04 12:58:00,18954.18,19024.7,18949.95,19023.62,129.091644,0.5402777777777777,18987.325
2020-12-04 12:59:00,19024.7,19029.56,19013.21,19026.49,85.878093,0.5409722222222222,19021.385000000002
2020-12-04 13:00:00,19026.49,19026.5,18999.55,19008.91,115.474061,0.5416666666666666,19013.025
2020-12-04 13:01:00,19008.91,19009.17,18985.5,18994.09,74.787971,0.5423611111111111,18997.335
2020-12-04 13:02:00,18994.08,18997.39,18983.6,18984.96,41.285539,0.5430555555555555,18990.495
2020-12-04 13:03:00,18984.96,18993.83,18971.76,18973.26,46.131438,0.54375,18982.795
2020-12-04 13:04:00,18973.26,18984.62,18971.93,18978.29,41.97868,0.5444444444444444,18978.275
2020-12-04 13:05:00,18978.27,18989.0,18964.7,18989.0,39.760894,0.5451388888888888,18976.85
2020-12-04 13:06:00,18989.3,19014.51,18983.52,19009.73,60.07287,0.5458333333333333,18999.015
2020-12-04 13:07:00,19009.62,19009.62,18991.3,18992.82,28.405188,0.5465277777777777,19000.46
2020-12-04 13:08:00,18992.83,19000.26,18983.18,18985.96,44.564004,0.5472222222222223,18991.72
2020-12-04 13:09:00,18985.96,18993.38,18982.65,18989.25,25.586881,0.5479166666666667,18988.015
2020-12-04 13:10:00,18989.26,19000.0,18984.89,18996.0,27.381074,0.5486111111111112,18992.445
2020-12-04 13:11:00,18996.01,19024.42,18995.25,19020.07,72.924437,0.5493055555555556,19009.835
2020-12-04 13:12:00,19020.07,19020.07,18991.18,19000.49,57.290792,0.55,19005.625
2020-12-04 13:13:00,19000.49,19009.67,18992.5,19005.57,53.644374,0.5506944444444445,19001.085
2020-12-04 13:14:00,19005.57,19006.43,18990.85,19002.51,31.186193,0.5513888888888889,18998.64
2020-12-04 13:15:00,19002.51,19008.38,18986.17,18989.58,51.719173,0.5520833333333334,18997.275
2020-12-04 13:16:00,18989.59,18990.0,18956.24,18962.71,46.052108,0.5527777777777778,18973.120000000003
2020-12-04 13:17:00,18962.72,18998.86,18962.72,18976.63,41.439826,0.5534722222222223,18980.79
2020-12-04 13:18:00,18976.63,18976.63,18958.45,18963.46,21.311976,0.5541666666666667,18967.54
2020-12-04 13:19:00,18963.45,18967.49,18956.62,18962.94,33.902726,0.5548611111111111,18962.055
2020-12-04 13:20:00,18962.94,18970.18,18955.99,18964.88,43.35797,0.5555555555555556,18963.085
2020-12-04 13:21:00,18964.88,18966.29,18955.99,18958.12,33.211602,0.55625,18961.14
2020-12-04 13:22:00,18958.11,18958.11,18914.42,18929.98,116.483371,0.5569444444444445,18936.265
2020-12-04 13:23:00,18929.98,18957.44,18929.98,18951.97,50.985525,0.5576388888888889,18943.71
2020-12-04 13:24:00,18951.97,18951.97,18928.83,18930.85,30.30728,0.5583333333333333,18940.4
2020-12-04 13:25:00,18930.84,18969.0,18930.84,18965.26,35.849837,0.5590277777777778,18949.92
2020-12-04 13:26:00,18965.27,18997.34,18965.27,18990.0,50.752524,0.5597222222222222,18981.305
2020-12-04 13:27:00,18989.21,18993.8,18979.92,18987.58,39.694145,0.5604166666666667,18986.86
2020-12-04 13:28:00,18987.59,18989.62,18979.99,18983.09,23.599802,0.5611111111111111,18984.805
2020-12-04 13:29:00,18983.1,18986.53,18977.73,18977.73,33.959232,0.5618055555555556,18982.129999999997
2020-12-04 13:30:00,18978.51,18979.03,18951.33,18958.47,38.501514,0.5625,18965.18
2020-12-04 13:31:00,18958.47,19018.28,18958.47,19011.29,50.334074,0.5631944444444444,18988.375
2020-12-04 13:32:00,19011.3,19020.0,18978.67,18980.0,37.377738,0.5638888888888889,18999.335
2020-12-04 13:33:00,18980.0,18994.2,18977.95,18983.99,58.729687,0.5645833333333333,18986.075
2020-12-04 13:34:00,18983.99,18987.46,18982.17,18983.4,28.140274,0.5652777777777778,18984.815
2020-12-04 13:35:00,18983.41,18986.36,18979.91,18982.38,22.943248,0.5659722222222222,18983.135000000002
2020-12-04 13:36:00,18982.38,18982.38,18963.76,18973.73,38.14951,0.5666666666666667,18973.07
2020-12-04 13:37:00,18973.73,18978.81,18972.11,18973.01,11.2448,0.5673611111111111,18975.46
2020-12-04 13:38:00,18973.01,18973.01,18952.8,18960.4,31.522268,0.5680555555555555,18962.905
2020-12-04 13:39:00,18959.34,18969.11,18951.69,18953.71,23.580423,0.56875,18960.4
2020-12-04 13:40:00,18953.71,18962.6,18938.44,18961.06,38.52606,0.5694444444444444,18950.519999999997
2020-12-04 13:41:00,18961.33,18964.43,18948.26,18961.4,23.775935,0.5701388888888889,18956.345
2020-12-04 13:42:00,18961.4,18961.4,18942.46,18943.18,24.101941,0.5708333333333333,18951.93
2020-12-04 13:43:00,18943.19,18960.0,18939.02,18954.63,33.392943,0.5715277777777777,18949.510000000002
2020-12-04 13:44:00,18954.55,18988.64,18950.91,18988.64,38.240601,0.5722222222222222,18969.775
2020-12-04 13:45:00,18988.64,19009.95,18984.56,19000.01,61.358307,0.5729166666666666,18997.255
2020-12-04 13:46:00,19000.01,19001.07,18992.2,18992.2,19.325748,0.5736111111111111,18996.635000000002
2020-12-04 13:47:00,18992.19,19000.44,18983.55,18999.63,27.601266,0.5743055555555555,18991.995
2020-12-04 13:48:00,18999.63,19011.0,18998.68,19005.99,28.926918,0.575,19004.84
2020-12-04 13:49:00,19005.99,19020.0,19003.0,19008.86,42.070481,0.5756944444444444,19011.5
2020-12-04 13:50:00,19008.3,19026.4,19005.0,19020.92,64.418243,0.5763888888888888,19015.7
2020-12-04 13:51:00,19020.92,19027.0,19019.44,19020.0,29.122473,0.5770833333333333,19023.22
2020-12-04 13:52:00,19020.0,19023.85,19008.87,19016.06,23.348942,0.5777777777777777,19016.36
2020-12-04 13:53:00,19016.06,19016.06,19002.01,19004.45,32.09067,0.5784722222222223,19009.035
2020-12-04 13:54:00,19004.45,19009.92,18981.34,18983.93,49.679225,0.5791666666666667,18995.629999999997
2020-12-04 13:55:00,18983.93,18990.62,18975.0,18976.9,24.841914,0.5798611111111112,18982.809999999998
2020-12-04 13:56:00,18975.96,18995.25,18969.0,18992.11,19.335182,0.5805555555555556,18982.125
2020-12-04 13:57:00,18992.09,18994.5,18977.19,18992.46,20.408435,0.58125,18985.845
2020-12-04 13:58:00,18992.46,19011.99,18990.54,19007.07,93.802104,0.5819444444444445,19001.265
2020-12-04 13:59:00,19007.08,19011.86,19001.53,19005.34,28.867933,0.5826388888888889,19006.695
2020-12-04 14:00:00,19005.34,19013.08,18984.06,18984.14,48.091805,0.5833333333333334,18998.57
2020-12-04 14:01:00,18984.15,18990.18,18974.22,18979.93,56.262711,0.5840277777777778,18982.2
2020-12-04 14:02:00,18979.93,18987.62,18969.9,18984.63,25.635552,0.5847222222222223,18978.760000000002
2020-12-04 14:03:00,18984.85,18984.86,18969.22,18971.24,26.53261,0.5854166666666667,18977.04
2020-12-04 14:04:00,18971.25,18979.15,18968.48,18974.04,25.159101,0.5861111111111111,18973.815000000002
2020-12-04 14:05:00,18974.52,18978.82,18965.0,18971.42,29.41245,0.5868055555555556,18971.91
2020-12-04 14:06:00,18971.41,18971.42,18967.36,18968.72,24.247232,0.5875,18969.39
2020-12-04 14:07:00,18968.71,19003.12,18968.71,18999.55,52.37255,0.5881944444444445,18985.915
2020-12-04 14:08:00,18999.54,19007.85,18996.97,18999.64,20.092785,0.5888888888888889,19002.41
2020-12-04 14:09:00,18999.63,19003.32,18977.71,18977.71,32.179231,0.5895833333333333,18990.515
2020-12-04 14:10:00,18977.72,18977.72,18945.39,18948.28,48.472333,0.5902777777777778,18961.555
2020-12-04 14:11:00,18948.28,18955.55,18926.53,18931.3,59.277109,0.5909722222222222,18941.04
2020-12-04 14:12:00,18931.53,18949.51,18917.84,18925.63,64.490672,0.5916666666666667,18933.675
2020-12-04 14:13:00,18925.63,18955.55,18925.63,18941.17,48.075945,0.5923611111111111,18940.59
2020-12-04 14:14:00,18941.17,18946.5,18928.8,18929.02,36.588667,0.5930555555555556,18937.65
2020-12-04 14:15:00,18929.02,18943.65,18925.76,18935.76,82.900143,0.59375,18934.705
2020-12-04 14:16:00,18935.76,18973.52,18935.76,18967.72,42.846235,0.5944444444444444,18954.64
2020-12-04 14:17:00,18967.72,18974.22,18953.06,18962.69,29.52801,0.5951388888888889,18963.64
2020-12-04 14:18:00,18962.68,18963.31,18941.67,18943.46,64.088823,0.5958333333333333,18952.489999999998
2020-12-04 14:19:00,18943.46,18954.88,18940.19,18954.88,39.016763,0.5965277777777778,18947.535
2020-12-04 14:20:00,18955.28,18960.98,18952.82,18959.25,30.399768,0.5972222222222222,18956.9
2020-12-04 14:21:00,18958.0,18967.78,18954.75,18960.52,33.147963,0.5979166666666667,18961.265
2020-12-04 14:22:00,18960.51,18974.42,18957.31,18971.51,37.979423,0.5986111111111111,18965.864999999998
2020-12-04 14:23:00,18971.5,18977.09,18965.14,18976.67,42.041749,0.5993055555555555,18971.114999999998
2020-12-04 14:24:00,18976.66,19000.0,18965.83,19000.0,100.742435,0.6,18982.915
2020-12-04 14:25:00,19000.0,19048.0,18999.99,19040.2,130.475431,0.6006944444444444,19023.995000000003
2020-12-04 14:26:00,19040.08,19085.0,19036.91,19082.15,228.026932,0.6013888888888889,19060.955
2020-12-04 14:27:00,19082.46,19145.83,19076.03,19133.51,249.876237,0.6020833333333333,19110.93
2020-12-04 14:28:00,19132.93,19143.97,19106.66,19139.3,138.416055,0.6027777777777777,19125.315000000002
2020-12-04 14:29:00,19139.3,19146.22,19125.0,19134.41,103.20286,0.6034722222222222,19135.61
2020-12-04 14:30:00,19134.42,19139.99,19120.5,19125.57,78.069738,0.6041666666666666,19130.245000000003
2020-12-04 14:31:00,19125.56,19140.0,19102.07,19130.77,78.016219,0.6048611111111111,19121.035
2020-12-04 14:32:00,19133.05,19135.77,19113.06,19125.2,49.834643,0.6055555555555555,19124.415
2020-12-04 14:33:00,19125.12,19130.0,19110.5,19120.85,40.756902,0.60625,19120.25
2020-12-04 14:34:00,19120.85,19126.28,19111.38,19113.01,28.14769,0.6069444444444444,19118.83
2020-12-04 14:35:00,19113.01,19115.8,19100.37,19109.09,38.48485,0.6076388888888888,19108.085
2020-12-04 14:36:00,19106.4,19109.09,19080.07,19096.19,91.616014,0.6083333333333333,19094.58
2020-12-04 14:37:00,19096.19,19134.23,19096.19,19118.78,80.567715,0.6090277777777777,19115.21
2020-12-04 14:38:00,19118.79,19118.79,19100.39,19110.5,35.104995,0.6097222222222223,19109.59
2020-12-04 14:39:00,19110.51,19127.5,19101.25,19104.53,31.798516,0.6104166666666667,19114.375
2020-12-04 14:40:00,19104.53,19125.5,19102.42,19104.4,52.923112,0.6111111111111112,19113.96
2020-12-04 14:41:00,19104.39,19115.43,19099.99,19103.34,36.638651,0.6118055555555556,19107.71
2020-12-04 14:42:00,19103.35,19107.68,19100.0,19100.0,36.208431,0.6125,19103.84
2020-12-04 14:43:00,19100.0,19105.15,19100.0,19100.0,18.300066,0.6131944444444445,19102.575
2020-12-04 14:44:00,19100.0,19100.05,19083.86,19096.36,52.103919,0.6138888888888889,19091.955
2020-12-04 14:45:00,19095.54,19114.08,19095.31,19099.09,61.826595,0.6145833333333334,19104.695
2020-12-04 14:46:00,19099.1,19099.1,19078.61,19082.61,66.301214,0.6152777777777778,19088.855
2020-12-04 14:47:00,19082.61,19096.83,19082.6,19089.21,35.220668,0.6159722222222223,19089.715
2020-12-04 14:48:00,19089.22,19089.22,19083.35,19083.4,21.432177,0.6166666666666667,19086.285
2020-12-04 14:49:00,19083.41,19083.42,19068.23,19076.13,27.552181,0.6173611111111111,19075.824999999997
2020-12-04 14:50:00,19076.14,19112.62,19074.58,19103.62,42.220094,0.6180555555555556,19093.6
2020-12-04 14:51:00,19103.62,19104.64,19080.0,19091.24,21.31961,0.61875,19092.32
2020-12-04 14:52:00,19091.23,19095.85,19082.93,19087.72,34.616868,0.6194444444444445,19089.39
2020-12-04 14:53:00,19087.73,19098.28,19075.0,19077.73,50.301113,0.6201388888888889,19086.64
2020-12-04 14:54:00,19077.74,19081.7,19046.99,19052.47,49.870102,0.6208333333333333,19064.345
2020-12-04 14:55:00,19052.17,19063.27,19044.94,19063.26,47.669132,0.6215277777777778,19054.105
2020-12-04 14:56:00,19063.27,19071.05,19049.99,19050.0,38.295039,0.6222222222222222,19060.52
2020-12-04 14:57:00,19050.0,19050.0,19035.08,19039.86,31.818259,0.6229166666666667,19042.54
2020-12-04 14:58:00,19039.86,19067.56,19039.86,19056.49,31.19963,0.6236111111111111,19053.71
2020-12-04 14:59:00,19056.49,19060.22,19042.5,19046.11,43.301532,0.6243055555555556,19051.36
2020-12-04 15:00:00,19046.11,19073.46,19045.0,19046.16,51.303012,0.625,19059.23
2020-12-04 15:01:00,19046.15,19051.1,19040.78,19043.42,20.889639,0.6256944444444444,19045.94
2020-12-04 15:02:00,19043.19,19057.51,19040.0,19050.0,15.329152,0.6263888888888889,19048.754999999997
2020-12-04 15:03:00,19049.92,19059.5,19043.61,19045.87,26.099904,0.6270833333333333,19051.555
2020-12-04 15:04:00,19045.86,19054.02,19044.24,19051.74,16.204936,0.6277777777777778,19049.13
2020-12-04 15:05:00,19052.3,19056.11,19044.25,19044.25,17.785193,0.6284722222222222,19050.18
2020-12-04 15:06:00,19044.24,19045.79,19027.0,19042.47,38.438259,0.6291666666666667,19036.395
2020-12-04 15:07:00,19042.47,19042.47,19026.48,19033.79,35.541918,0.6298611111111111,19034.475
2020-12-04 15:08:00,19033.79,19041.16,18975.0,18983.8,108.359579,0.6305555555555555,19008.08
2020-12-04 15:09:00,18982.76,19008.52,18977.24,19004.13,56.838685,0.63125,18992.88
2020-12-04 15:10:00,19003.18,19029.78,18984.23,18986.45,120.358186,0.6319444444444444,19007.004999999997
2020-12-04 15:11:00,18986.45,19012.52,18986.06,18997.54,81.274767,0.6326388888888889,18999.29
2020-12-04 15:12:00,18998.06,19019.66,18992.58,19010.94,35.179586,0.6333333333333333,19006.120000000003
2020-12-04 15:13:00,19011.94,19020.01,19011.94,19017.28,20.758203,0.6340277777777777,19015.975
2020-12-04 15:14:00,19017.26,19017.49,19004.39,19009.33,36.065735,0.6347222222222222,19010.940000000002
2020-12-04 15:15:00,19009.33,19020.81,19004.54,19013.24,34.73468,0.6354166666666666,19012.675000000003
2020-12-04 15:16:00,19013.25,19017.73,19002.91,19014.68,18.842536,0.6361111111111111,19010.32
2020-12-04 15:17:00,19014.67,19031.98,19010.0,19013.04,22.470628,0.6368055555555555,19020.989999999998
2020-12-04 15:18:00,19013.05,19027.5,19012.23,19025.99,18.603239,0.6375,19019.864999999998
2020-12-04 15:19:00,19025.99,19028.21,19011.19,19013.36,22.430988,0.6381944444444444,19019.699999999997
2020-12-04 15:20:00,19013.37,19017.89,19001.04,19010.12,14.101306,0.6388888888888888,19009.465
2020-12-04 15:21:00,19010.12,19012.98,18938.25,18944.25,84.44073,0.6395833333333333,18975.614999999998
2020-12-04 15:22:00,18944.25,18973.68,18939.12,18962.0,81.023663,0.6402777777777777,18956.4
2020-12-04 15:23:00,18963.52,18984.41,18961.67,18983.83,36.186783,0.6409722222222223,18973.04
2020-12-04 15:24:00,18983.83,19003.75,18983.82,18993.07,35.864294,0.6416666666666667,18993.785
2020-12-04 15:25:00,18993.07,18998.11,18965.09,18975.36,47.778086,0.6423611111111112,18981.6
2020-12-04 15:26:00,18974.97,18980.0,18965.96,18970.37,85.056224,0.6430555555555556,18972.98
2020-12-04 15:27:00,18970.37,18980.0,18964.49,18972.83,77.725192,0.64375,18972.245000000003
2020-12-04 15:28:00,18972.83,18975.0,18949.29,18954.92,43.092624,0.6444444444444445,18962.145
2020-12-04 15:29:00,18954.43,18977.31,18949.3,18973.55,44.198662,0.6451388888888889,18963.305
2020-12-04 15:30:00,18973.56,18980.0,18972.19,18980.0,47.237535,0.6458333333333334,18976.095
2020-12-04 15:31:00,18980.0,18980.0,18954.0,18954.0,43.820793,0.6465277777777778,18967.0
2020-12-04 15:32:00,18954.51,18965.98,18941.6,18958.0,68.772319,0.6472222222222223,18953.79
2020-12-04 15:33:00,18957.99,18970.0,18953.93,18967.73,34.915979,0.6479166666666667,18961.965
2020-12-04 15:34:00,18967.73,18980.0,18967.72,18978.98,19.211,0.6486111111111111,18973.86
2020-12-04 15:35:00,18978.98,18987.0,18969.95,18974.0,30.351071,0.6493055555555556,18978.475
2020-12-04 15:36:00,18973.05,18983.99,18973.05,18977.35,31.174751,0.65,18978.52
2020-12-04 15:37:00,18977.36,18999.0,18976.35,18998.99,21.659885,0.6506944444444445,18987.675
2020-12-04 15:38:00,18999.0,19000.56,18988.25,18988.25,26.093265,0.6513888888888889,18994.405
2020-12-04 15:39:00,18988.25,19005.0,18988.25,19002.51,16.690858,0.6520833333333333,18996.625
2020-12-04 15:40:00,19002.51,19017.75,18998.11,18998.12,32.321605,0.6527777777777778,19007.93
2020-12-04 15:41:00,18998.12,19000.0,18973.05,18977.5,19.943685,0.6534722222222222,18986.525
2020-12-04 15:42:00,18977.51,18979.92,18957.27,18959.25,26.192606,0.6541666666666667,18968.595
2020-12-04 15:43:00,18959.25,18981.05,18959.25,18979.38,26.011955,0.6548611111111111,18970.15
2020-12-04 15:44:00,18979.38,18986.58,18973.13,18985.04,19.986042,0.6555555555555556,18979.855000000003
2020-12-04 15:45:00,18985.04,18999.04,18981.5,18999.03,15.05622,0.65625,18990.27
2020-12-04 15:46:00,18999.04,19014.42,18995.0,18995.0,26.79127,0.6569444444444444,19004.71
2020-12-04 15:47:00,18995.01,18995.01,18945.06,18950.0,31.298906,0.6576388888888889,18970.035
2020-12-04 15:48:00,18949.69,18963.74,18939.39,18953.01,46.956436,0.6583333333333333,18951.565000000002
2020-12-04 15:49:00,18953.01,18966.5,18948.28,18959.73,22.46023,0.6590277777777778,18957.39
2020-12-04 15:50:00,18959.73,18970.05,18946.95,18948.5,32.59833,0.6597222222222222,18958.5
2020-12-04 15:51:00,18948.5,18970.0,18946.12,18968.56,21.373217,0.6604166666666667,18958.059999999998
2020-12-04 15:52:00,18968.55,18968.56,18950.0,18951.33,33.262543,0.6611111111111111,18959.28
2020-12-04 15:53:00,18951.34,18967.51,18947.73,18966.29,27.270111,0.6618055555555555,18957.62
2020-12-04 15:54:00,18966.29,18969.04,18951.51,18956.41,32.675532,0.6625,18960.275
2020-12-04 15:55:00,18956.41,18997.0,18956.41,18991.78,41.476867,0.6631944444444444,18976.705
2020-12-04 15:56:00,18991.78,18996.53,18971.5,18976.63,31.082281,0.6638888888888889,18984.015
2020-12-04 15:57:00,18976.63,18983.2,18957.56,18969.02,26.833762,0.6645833333333333,18970.38
2020-12-04 15:58:00,18969.02,18973.24,18950.06,18966.55,55.863893,0.6652777777777777,18961.65
2020-12-04 15:59:00,18966.55,18967.5,18943.35,18943.35,31.646116,0.6659722222222222,18955.425
2020-12-04 16:00:00,18944.06,18944.06,18852.0,18883.76,237.636609,0.6666666666666666,18898.03
2020-12-04 16:01:00,18881.85,18910.0,18861.01,18867.88,146.286844,0.6673611111111111,18885.504999999997
2020-12-04 16:02:00,18867.88,18907.89,18857.16,18892.99,82.200392,0.6680555555555555,18882.525
2020-12-04 16:03:00,18892.99,18894.93,18872.46,18886.5,42.801454,0.66875,18883.695
2020-12-04 16:04:00,18886.28,18892.47,18875.0,18887.03,50.662946,0.6694444444444444,18883.735
2020-12-04 16:05:00,18887.03,18908.92,18885.71,18893.18,35.926551,0.6701388888888888,18897.315
2020-12-04 16:06:00,18893.18,18929.16,18890.52,18914.96,62.610836,0.6708333333333333,18909.84
2020-12-04 16:07:00,18914.23,18924.91,18900.41,18924.91,44.934332,0.6715277777777777,18912.66
2020-12-04 16:08:00,18925.0,18972.09,18919.13,18969.4,53.746641,0.6722222222222223,18945.61
2020-12-04 16:09:00,18968.48,18991.7,18965.0,18976.51,79.248998,0.6729166666666667,18978.35
2020-12-04 16:10:00,18976.52,18980.2,18946.73,18952.87,68.153734,0.6736111111111112,18963.465
2020-12-04 16:11:00,18952.87,18976.51,18947.56,18950.13,40.020939,0.6743055555555556,18962.035
2020-12-04 16:12:00,18950.13,18955.65,18935.64,18939.01,49.215371,0.675,18945.645
2020-12-04 16:13:00,18939.01,18939.01,18877.16,18888.32,83.362053,0.6756944444444445,18908.085
2020-12-04 16:14:00,18887.87,18895.56,18871.79,18886.34,131.514181,0.6763888888888889,18883.675000000003
2020-12-04 16:15:00,18886.34,18889.99,18852.41,18854.46,100.379979,0.6770833333333334,18871.2
2020-12-04 16:16:00,18854.46,18867.47,18823.3,18867.47,165.150749,0.6777777777777778,18845.385000000002
2020-12-04 16:17:00,18867.46,18927.0,18867.46,18921.36,84.960646,0.6784722222222223,18897.23
2020-12-04 16:18:00,18921.36,18926.89,18889.0,18926.69,64.713773,0.6791666666666667,18907.945
2020-12-04 16:19:00,18926.61,18947.0,18923.1,18934.31,73.585694,0.6798611111111111,18935.05
2020-12-04 16:20:00,18934.31,18940.0,18921.36,18924.31,35.210694,0.6805555555555556,18930.68
2020-12-04 16:21:00,18923.75,18929.39,18920.0,18925.46,40.124973,0.68125,18924.695
2020-12-04 16:22:00,18925.45,18927.96,18914.88,18916.81,24.638778,0.6819444444444445,18921.42
2020-12-04 16:23:00,18916.81,18943.36,18912.14,18937.38,53.244171,0.6826388888888889,18927.75
2020-12-04 16:24:00,18937.39,18937.54,18923.77,18928.93,25.559121,0.6833333333333333,18930.655
2020-12-04 16:25:00,18928.94,18945.07,18927.87,18944.51,28.123522,0.6840277777777778,18936.47
2020-12-04 16:26:00,18944.51,18946.08,18918.77,18929.5,38.962798,0.6847222222222222,18932.425000000003
2020-12-04 16:27:00,18929.5,18939.93,18920.0,18934.48,30.645261,0.6854166666666667,18929.965
2020-12-04 16:28:00,18934.12,18944.16,18920.96,18922.93,28.83314,0.6861111111111111,18932.559999999998
2020-12-04 16:29:00,18922.93,18931.0,18913.7,18918.5,21.345284,0.6868055555555556,18922.35
2020-12-04 16:30:00,18918.5,18926.59,18895.4,18895.4,46.94254,0.6875,18910.995000000003
2020-12-04 16:31:00,18895.4,18896.0,18875.02,18884.5,74.882664,0.6881944444444444,18885.510000000002
2020-12-04 16:32:00,18884.49,18893.33,18878.76,18890.34,28.549409,0.6888888888888889,18886.045
2020-12-04 16:33:00,18890.34,18895.36,18877.38,18882.44,23.043277,0.6895833333333333,18886.370000000003
2020-12-04 16:34:00,18882.44,18888.48,18861.6,18871.42,56.83885,0.6902777777777778,18875.04
2020-12-04 16:35:00,18871.42,18875.74,18863.01,18869.06,28.336749,0.6909722222222222,18869.375
2020-12-04 16:36:00,18869.06,18900.0,18866.5,18896.51,90.884755,0.6916666666666667,18883.25
2020-12-04 16:37:00,18896.51,18900.0,18889.17,18889.18,52.549019,0.6923611111111111,18894.585
2020-12-04 16:38:00,18889.46,18893.35,18861.09,18864.62,31.247007,0.6930555555555555,18877.22
2020-12-04 16:39:00,18865.11,18869.95,18817.0,18843.54,74.214927,0.69375,18843.475
2020-12-04 16:40:00,18843.55,18921.13,18833.54,18910.74,140.656356,0.6944444444444444,18877.335
2020-12-04 16:41:00,18910.89,18939.0,18910.89,18939.0,72.251022,0.6951388888888889,18924.945
2020-12-04 16:42:00,18938.99,18949.65,18928.6,18936.24,56.702637,0.6958333333333333,18939.125
2020-12-04 16:43:00,18936.24,18936.24,18920.54,18925.54,31.727628,0.6965277777777777,18928.39
2020-12-04 16:44:00,18923.59,18934.49,18910.84,18934.45,28.237125,0.6972222222222222,18922.665
2020-12-04 16:45:00,18934.42,18934.49,18914.99,18920.47,36.029083,0.6979166666666666,18924.74
2020-12-04 16:46:00,18921.62,18928.39,18912.04,18912.05,18.639235,0.6986111111111111,18920.215
2020-12-04 16:47:00,18912.05,18926.78,18908.55,18925.09,22.039997,0.6993055555555555,18917.665
2020-12-04 16:48:00,18925.09,18946.27,18919.45,18919.93,54.374376,0.7,18932.86
2020-12-04 16:49:00,18919.94,18929.72,18917.54,18925.87,16.069411,0.7006944444444444,18923.63
2020-12-04 16:50:00,18925.87,18948.0,18918.96,18947.49,34.345152,0.7013888888888888,18933.48
2020-12-04 16:51:00,18947.49,18974.68,18941.19,18972.31,53.357904,0.7020833333333333,18957.934999999998
2020-12-04 16:52:00,18972.31,18983.33,18970.0,18971.96,50.322621,0.7027777777777777,18976.665
2020-12-04 16:53:00,18971.96,18977.04,18950.29,18977.04,78.794257,0.7034722222222223,18963.665
2020-12-04 16:54:00,18976.28,18976.29,18960.25,18965.0,34.309094,0.7041666666666667,18968.27
2020-12-04 16:55:00,18965.01,18974.93,18961.43,18973.56,34.782007,0.7048611111111112,18968.18
2020-12-04 16:56:00,18973.57,18976.57,18960.27,18973.46,32.530835,0.7055555555555556,18968.42
2020-12-04 16:57:00,18973.46,18973.64,18960.0,18960.0,89.173419,0.70625,18966.82
2020-12-04 16:58:00,18960.01,18976.29,18955.41,18976.08,38.555775,0.7069444444444445,18965.85
2020-12-04 16:59:00,18976.09,18985.02,18965.54,18981.28,39.278102,0.7076388888888889,18975.28
2020-12-04 17:00:00,18981.28,18999.01,18972.49,18996.72,122.136542,0.7083333333333334,18985.75
2020-12-04 17:01:00,18996.64,19018.48,18991.53,19008.5,101.88159,0.7090277777777778,19005.004999999997
2020-12-04 17:02:00,19008.51,19024.7,19002.93,19021.71,52.119304,0.7097222222222223,19013.815000000002
2020-12-04 17:03:00,19021.7,19024.0,18983.66,18986.01,52.950572,0.7104166666666667,19003.83
2020-12-04 17:04:00,18989.43,18995.34,18972.87,18984.49,26.700587,0.7111111111111111,18984.105
2020-12-04 17:05:00,18984.48,18987.87,18978.97,18982.05,19.025954,0.7118055555555556,18983.42
2020-12-04 17:06:00,18982.06,18985.37,18977.9,18983.48,10.665614,0.7125,18981.635000000002
2020-12-04 17:07:00,18983.41,18988.98,18975.36,18980.17,25.280605,0.7131944444444445,18982.17
2020-12-04 17:08:00,18980.17,18983.34,18968.64,18968.67,29.623346,0.7138888888888889,18975.989999999998
2020-12-04 17:09:00,18968.67,18972.0,18951.33,18951.78,18.210009,0.7145833333333333,18961.665
2020-12-04 17:10:00,18951.78,18970.05,18950.0,18964.48,27.74741,0.7152777777777778,18960.025
2020-12-04 17:11:00,18964.49,18986.5,18964.48,18975.04,21.760711,0.7159722222222222,18975.489999999998
2020-12-04 17:12:00,18975.04,18977.22,18964.49,18972.89,22.593137,0.7166666666666667,18970.855000000003
2020-12-04 17:13:00,18972.97,18984.25,18966.85,18983.68,21.340314,0.7173611111111111,18975.55
2020-12-04 17:14:00,18983.69,19000.0,18979.51,18998.49,37.619476,0.7180555555555556,18989.754999999997
2020-12-04 17:15:00,18998.5,19029.2,18998.5,19017.4,74.656988,0.71875,19013.85
2020-12-04 17:16:00,19016.44,19016.44,18975.6,18976.1,46.830247,0.7194444444444444,18996.019999999997
2020-12-04 17:17:00,18976.1,18985.08,18975.0,18978.54,18.684448,0.7201388888888889,18980.04
2020-12-04 17:18:00,18978.53,19008.22,18970.0,19000.19,45.952615,0.7208333333333333,18989.11
2020-12-04 17:19:00,19000.19,19004.91,18969.99,18970.0,27.592218,0.7215277777777778,18987.45
2020-12-04 17:20:00,18969.99,18972.16,18950.0,18951.69,64.186894,0.7222222222222222,18961.08
2020-12-04 17:21:00,18951.68,18994.6,18951.68,18987.93,61.024702,0.7229166666666667,18973.14
2020-12-04 17:22:00,18987.94,18993.8,18980.01,18983.37,38.023132,0.7236111111111111,18986.905
2020-12-04 17:23:00,18983.38,19000.75,18969.88,18976.07,31.421106,0.7243055555555555,18985.315000000002
2020-12-04 17:24:00,18976.06,18988.5,18960.15,18988.5,30.420132,0.725,18974.325
2020-12-04 17:25:00,18988.5,19005.28,18988.5,19000.67,65.256242,0.7256944444444444,18996.89
2020-12-04 17:26:00,19000.67,19003.57,18972.01,18972.94,14.587819,0.7263888888888889,18987.79
2020-12-04 17:27:00,18972.94,19002.0,18972.94,18998.55,16.54122,0.7270833333333333,18987.47
2020-12-04 17:28:00,18998.56,19000.81,18992.16,18996.14,16.325994,0.7277777777777777,18996.485
2020-12-04 17:29:00,18994.45,18998.23,18981.0,18984.66,11.853693,0.7284722222222222,18989.614999999998
2020-12-04 17:30:00,18985.09,18998.23,18985.09,18998.09,14.867604,0.7291666666666666,18991.66
2020-12-04 17:31:00,18998.1,18998.1,18987.02,18988.89,12.066438,0.7298611111111111,18992.559999999998
2020-12-04 17:32:00,18988.89,18994.88,18988.0,18989.15,12.222128,0.7305555555555555,18991.440000000002
2020-12-04 17:33:00,18989.15,18996.0,18987.0,18995.99,19.178902,0.73125,18991.5
2020-12-04 17:34:00,18995.99,19020.0,18993.63,19016.58,50.971846,0.7319444444444444,19006.815000000002
2020-12-04 17:35:00,19016.57,19016.58,19000.36,19000.67,37.635433,0.7326388888888888,19008.47
2020-12-04 17:36:00,19000.67,19005.01,18988.71,18988.72,59.707088,0.7333333333333333,18996.86
2020-12-04 17:37:00,18988.72,18988.72,18978.63,18978.74,29.926129,0.7340277777777777,18983.675000000003
2020-12-04 17:38:00,18978.75,19001.94,18975.48,18996.66,23.497349,0.7347222222222223,18988.71
2020-12-04 17:39:00,18996.65,19000.4,18986.01,18990.07,19.621287,0.7354166666666667,18993.205
2020-12-04 17:40:00,18990.06,18994.99,18986.14,18994.99,18.760304,0.7361111111111112,18990.565000000002
2020-12-04 17:41:00,18995.0,18998.99,18986.51,18989.0,23.483135,0.7368055555555556,18992.75
2020-12-04 17:42:00,18989.01,18992.0,18974.37,18974.38,12.740046,0.7375,18983.184999999998
2020-12-04 17:43:00,18974.38,18978.5,18950.5,18951.68,54.831157,0.7381944444444445,18964.5
2020-12-04 17:44:00,18951.68,18978.79,18948.31,18977.01,36.30917,0.7388888888888889,18963.550000000003
2020-12-04 17:45:00,18977.0,18977.0,18964.13,18967.78,25.05204,0.7395833333333334,18970.565000000002
2020-12-04 17:46:00,18967.77,18969.53,18950.0,18952.8,23.584578,0.7402777777777778,18959.765
2020-12-04 17:47:00,18952.8,18966.52,18932.23,18960.5,36.174957,0.7409722222222223,18949.375
2020-12-04 17:48:00,18960.65,18973.81,18960.65,18969.8,37.27399,0.7416666666666667,18967.230000000003
2020-12-04 17:49:00,18969.8,18997.0,18969.8,18996.99,29.714067,0.7423611111111111,18983.4
2020-12-04 17:50:00,18997.0,18999.88,18979.01,18979.71,13.765127,0.7430555555555556,18989.445
2020-12-04 17:51:00,18979.71,18979.71,18953.3,18960.97,18.927958,0.74375,18966.504999999997
2020-12-04 17:52:00,18961.48,18966.11,18955.84,18965.0,9.878302,0.7444444444444445,18960.975
2020-12-04 17:53:00,18964.99,18993.6,18964.94,18993.6,11.466536,0.7451388888888889,18979.269999999997
2020-12-04 17:54:00,18993.59,19000.0,18983.21,18986.47,33.743975,0.7458333333333333,18991.605
2020-12-04 17:55:00,18986.47,18987.51,18975.56,18979.66,19.084408,0.7465277777777778,18981.535
2020-12-04 17:56:00,18979.66,18987.51,18973.58,18985.87,8.376397,0.7472222222222222,18980.545
2020-12-04 17:57:00,18985.88,18985.88,18974.17,18979.8,11.130614,0.7479166666666667,18980.025
2020-12-04 17:58:00,18979.8,18981.94,18964.44,18965.74,19.058008,0.7486111111111111,18973.19
2020-12-04 17:59:00,18965.74,18981.05,18965.74,18968.93,22.686906,0.7493055555555556,18973.395
2020-12-04 18:00:00,18968.82,18975.99,18943.1,18947.87,70.129424,0.75,18959.545
2020-12-04 18:01:00,18947.88,18962.32,18947.17,18959.88,30.859867,0.7506944444444444,18954.745
2020-12-04 18:02:00,18959.89,18961.5,18948.37,18950.97,31.901569,0.7513888888888889,18954.934999999998
2020-12-04 18:03:00,18950.97,18962.63,18949.02,18958.4,32.865358,0.7520833333333333,18955.825
2020-12-04 18:04:00,18958.4,18969.31,18954.48,18959.63,15.736366,0.7527777777777778,18961.895
2020-12-04 18:05:00,18959.75,18959.76,18950.0,18953.9,25.226349,0.7534722222222222,18954.879999999997
2020-12-04 18:06:00,18953.9,18985.0,18953.9,18979.59,35.84492,0.7541666666666667,18969.45
2020-12-04 18:07:00,18979.58,18998.9,18979.36,18992.01,21.215386,0.7548611111111111,18989.13
2020-12-04 18:08:00,18992.02,18992.32,18977.1,18982.23,11.727397,0.7555555555555555,18984.71
2020-12-04 18:09:00,18982.23,18983.59,18976.76,18977.55,15.420907,0.75625,18980.175
2020-12-04 18:10:00,18977.55,18990.0,18977.55,18979.46,23.38386,0.7569444444444444,18983.775
2020-12-04 18:11:00,18979.47,18989.0,18975.53,18979.7,6.361845,0.7576388888888889,18982.265
2020-12-04 18:12:00,18980.59,18984.0,18963.59,18964.02,11.462268,0.7583333333333333,18973.795
2020-12-04 18:13:00,18964.46,18968.58,18958.26,18961.9,10.489963,0.7590277777777777,18963.42
2020-12-04 18:14:00,18961.9,18970.0,18961.9,18967.84,9.289589,0.7597222222222222,18965.95
2020-12-04 18:15:00,18967.85,18968.58,18948.56,18951.55,35.167752,0.7604166666666666,18958.57
2020-12-04 18:16:00,18951.55,18984.15,18951.42,18957.3,23.869009,0.7611111111111111,18967.785
2020-12-04 18:17:00,18957.3,18968.7,18953.0,18968.29,17.762737,0.7618055555555555,18960.85
2020-12-04 18:18:00,18968.3,18983.26,18966.25,18971.68,26.913785,0.7625,18974.754999999997
2020-12-04 18:19:00,18971.69,18980.91,18966.01,18970.48,26.062204,0.7631944444444444,18973.46
2020-12-04 18:20:00,18970.48,18970.48,18947.0,18955.59,20.109706,0.7638888888888888,18958.739999999998
2020-12-04 18:21:00,18955.49,18955.49,18929.16,18952.46,56.707718,0.7645833333333333,18942.325
2020-12-04 18:22:00,18952.46,18975.91,18949.98,18967.01,29.588233,0.7652777777777777,18962.945
2020-12-04 18:23:00,18967.02,18970.12,18954.76,18961.2,13.651685,0.7659722222222223,18962.44
2020-12-04 18:24:00,18961.2,18961.2,18949.48,18953.51,17.763913,0.7666666666666667,18955.34
2020-12-04 18:25:00,18953.44,18975.05,18951.58,18965.52,32.792618,0.7673611111111112,18963.315000000002
2020-12-04 18:26:00,18965.24,18975.4,18957.5,18971.35,20.946286,0.7680555555555556,18966.45
2020-12-04 18:27:00,18971.36,18988.88,18962.59,18988.55,20.701131,0.76875,18975.735
2020-12-04 18:28:00,18988.55,18996.0,18985.0,18993.85,36.702567,0.7694444444444445,18990.5
2020-12-04 18:29:00,18993.85,18996.0,18985.13,18990.51,12.733671,0.7701388888888889,18990.565000000002
2020-12-04 18:30:00,18990.51,19008.18,18987.24,19006.69,39.855713,0.7708333333333334,18997.71
2020-12-04 18:31:00,19006.69,19006.69,18990.52,18995.86,25.397942,0.7715277777777778,18998.605
2020-12-04 18:32:00,18995.85,19004.38,18992.04,19004.38,11.804745,0.7722222222222223,18998.21
2020-12-04 18:33:00,19004.38,19016.01,19004.37,19012.68,46.712587,0.7729166666666667,19010.19
2020-12-04 18:34:00,19012.69,19012.69,19003.62,19007.99,56.901436,0.7736111111111111,19008.155
2020-12-04 18:35:00,19007.99,19015.0,19005.96,19014.26,19.652744,0.7743055555555556,19010.48
2020-12-04 18:36:00,19014.26,19019.38,19006.83,19010.87,23.078724,0.775,19013.105000000003
2020-12-04 18:37:00,19010.87,19019.45,19010.86,19017.53,22.509954,0.7756944444444445,19015.155
2020-12-04 18:38:00,19017.53,19019.66,19011.53,19015.52,29.635938,0.7763888888888889,19015.595
2020-12-04 18:39:00,19015.53,19020.0,19015.53,19018.79,16.446502,0.7770833333333333,19017.765
2020-12-04 18:40:00,19018.79,19024.34,19017.99,19019.97,40.225991,0.7777777777777778,19021.165
2020-12-04 18:41:00,19019.98,19021.81,19013.21,19018.16,35.774243,0.7784722222222222,19017.510000000002
2020-12-04 18:42:00,19018.17,19024.39,19008.05,19019.6,26.280462,0.7791666666666667,19016.22
2020-12-04 18:43:00,19019.6,19022.56,19000.0,19008.72,38.60199,0.7798611111111111,19011.28
2020-12-04 18:44:00,19008.72,19010.0,19000.0,19009.99,31.63592,0.7805555555555556,19005.0
2020-12-04 18:45:00,19010.0,19058.61,19007.92,19058.53,66.649509,0.78125,19033.265
2020-12-04 18:46:00,19058.6,19078.68,19055.5,19072.0,87.235353,0.7819444444444444,19067.09
2020-12-04 18:47:00,19068.2,19077.0,19046.7,19049.64,58.720699,0.7826388888888889,19061.85
2020-12-04 18:48:00,19049.64,19068.5,19044.39,19055.54,28.515328,0.7833333333333333,19056.445
2020-12-04 18:49:00,19055.86,19058.06,19046.84,19050.88,29.155396,0.7840277777777778,19052.45
2020-12-04 18:50:00,19050.88,19052.52,19038.47,19042.37,19.977462,0.7847222222222222,19045.495000000003
2020-12-04 18:51:00,19041.53,19048.99,19037.75,19046.83,19.05288,0.7854166666666667,19043.370000000003
2020-12-04 18:52:00,19046.42,19069.1,19038.89,19056.78,39.727709,0.7861111111111111,19053.995
2020-12-04 18:53:00,19056.77,19059.63,19045.01,19050.43,20.344761,0.7868055555555555,19052.32
2020-12-04 18:54:00,19050.43,19058.88,19044.91,19055.01,18.009521,0.7875,19051.895
2020-12-04 18:55:00,19055.01,19065.0,19041.5,19055.5,29.013718,0.7881944444444444,19053.25
2020-12-04 18:56:00,19055.51,19070.91,19055.5,19066.75,17.914351,0.7888888888888889,19063.205
2020-12-04 18:57:00,19066.75,19066.95,19048.33,19055.28,32.660455,0.7895833333333333,19057.64
2020-12-04 18:58:00,19055.28,19063.38,19051.43,19060.27,28.323961,0.7902777777777777,19057.405
2020-12-04 18:59:00,19060.28,19060.28,19051.17,19056.45,14.816155,0.7909722222222222,19055.725
2020-12-04 19:00:00,19056.45,19064.72,19051.17,19057.47,39.49603,0.7916666666666666,19057.945
2020-12-04 19:01:00,19057.85,19065.0,19051.68,19052.47,19.264636,0.7923611111111111,19058.34
2020-12-04 19:02:00,19052.46,19052.68,19040.61,19042.67,19.037054,0.7930555555555555,19046.645
2020-12-04 19:03:00,19042.67,19042.67,19025.3,19035.84,23.53279,0.79375,19033.985
2020-12-04 19:04:00,19035.83,19045.0,19035.83,19039.24,22.40437,0.7944444444444444,19040.415
2020-12-04 19:05:00,19039.24,19052.47,19039.24,19052.32,31.098981,0.7951388888888888,19045.855000000003
2020-12-04 19:06:00,19052.33,19058.81,19043.0,19044.12,47.179333,0.7958333333333333,19050.905
2020-12-04 19:07:00,19044.12,19048.14,19036.41,19039.83,33.505677,0.7965277777777777,19042.275
2020-12-04 19:08:00,19039.82,19042.73,19037.01,19041.0,19.505787,0.7972222222222223,19039.87
2020-12-04 19:09:00,19041.0,19041.0,19038.1,19040.0,17.867508,0.7979166666666667,19039.55
2020-12-04 19:10:00,19040.0,19047.74,19040.0,19045.71,23.139101,0.7986111111111112,19043.870000000003
2020-12-04 19:11:00,19045.71,19047.95,19041.0,19047.1,26.276975,0.7993055555555556,19044.475
2020-12-04 19:12:00,19046.99,19046.99,19038.1,19046.28,34.332094,0.8,19042.545
2020-12-04 19:13:00,19045.93,19047.61,19038.1,19042.26,14.468746,0.8006944444444445,19042.855
2020-12-04 19:14:00,19042.25,19056.66,19042.25,19056.0,36.813509,0.8013888888888889,19049.455
2020-12-04 19:15:00,19056.0,19058.69,19044.2,19050.38,34.297409,0.8020833333333334,19051.445
2020-12-04 19:16:00,19050.38,19052.27,19039.0,19045.56,45.959123,0.8027777777777778,19045.635000000002
2020-12-04 19:17:00,19045.55,19050.54,19041.57,19047.99,33.365443,0.8034722222222223,19046.055
2020-12-04 19:18:00,19047.99,19047.99,19038.1,19038.87,17.33429,0.8041666666666667,19043.045
2020-12-04 19:19:00,19038.87,19038.87,19026.14,19026.14,30.072488,0.8048611111111111,19032.504999999997
2020-12-04 19:20:00,19026.15,19048.31,19020.05,19041.1,34.71595,0.8055555555555556,19034.18
2020-12-04 19:21:00,19041.11,19041.11,19019.75,19023.51,18.387988,0.80625,19030.43
2020-12-04 19:22:00,19023.5,19030.29,19021.11,19030.29,26.512127,0.8069444444444445,19025.7
2020-12-04 19:23:00,19030.29,19031.12,19014.62,19021.02,29.174708,0.8076388888888889,19022.87
2020-12-04 19:24:00,19021.03,19030.0,19020.57,19026.29,12.86552,0.8083333333333333,19025.285
2020-12-04 19:25:00,19026.29,19026.92,19006.01,19012.35,23.200944,0.8090277777777778,19016.464999999997
2020-12-04 19:26:00,19012.34,19019.38,19006.46,19010.68,25.29857,0.8097222222222222,19012.92
2020-12-04 19:27:00,19010.68,19024.96,19010.67,19012.34,17.407898,0.8104166666666667,19017.815
2020-12-04 19:28:00,19012.33,19018.73,19011.08,19013.34,12.24234,0.8111111111111111,19014.905
2020-12-04 19:29:00,19013.33,19013.78,19002.74,19006.83,18.062924,0.8118055555555556,19008.260000000002
2020-12-04 19:30:00,19006.84,19009.36,19000.0,19001.42,47.227112,0.8125,19004.68
2020-12-04 19:31:00,19001.42,19003.88,19001.42,19001.94,20.440042,0.8131944444444444,19002.65
2020-12-04 19:32:00,19001.93,19018.0,19000.0,19018.0,59.455555,0.8138888888888889,19009.0
2020-12-04 19:33:00,19018.0,19029.87,19012.01,19028.1,39.955873,0.8145833333333333,19020.94
2020-12-04 19:34:00,19028.09,19033.18,19025.28,19033.17,16.191097,0.8152777777777778,19029.23
2020-12-04 19:35:00,19033.17,19036.17,19018.19,19026.3,42.343212,0.8159722222222222,19027.18
2020-12-04 19:36:00,19026.31,19035.73,19017.91,19019.32,23.883416,0.8166666666666667,19026.82
2020-12-04 19:37:00,19019.32,19029.08,19018.34,19027.84,13.156437,0.8173611111111111,19023.71
2020-12-04 19:38:00,19027.85,19037.33,19025.1,19025.11,18.290567,0.8180555555555555,19031.215
2020-12-04 19:39:00,19025.11,19038.96,19025.1,19035.59,53.874403,0.81875,19032.03
2020-12-04 19:40:00,19035.58,19043.91,19032.88,19041.43,26.654428,0.8194444444444444,19038.395
2020-12-04 19:41:00,19041.44,19041.44,19032.0,19032.45,33.105184,0.8201388888888889,19036.72
2020-12-04 19:42:00,19032.45,19037.38,19030.47,19031.81,17.337253,0.8208333333333333,19033.925000000003
2020-12-04 19:43:00,19031.82,19040.0,19030.87,19039.99,9.499441,0.8215277777777777,19035.434999999998
2020-12-04 19:44:00,19039.99,19058.54,19039.99,19058.0,48.745218,0.8222222222222222,19049.265
2020-12-04 19:45:00,19058.25,19060.0,19037.5,19040.15,31.360388,0.8229166666666666,19048.75
2020-12-04 19:46:00,19040.16,19041.86,19025.16,19033.18,29.524389,0.8236111111111111,19033.510000000002
2020-12-04 19:47:00,19032.62,19035.0,19027.85,19028.39,13.346744,0.8243055555555555,19031.425
2020-12-04 19:48:00,19028.4,19034.46,19027.31,19028.0,20.235113,0.825,19030.885000000002
2020-12-04 19:49:00,19028.01,19035.47,19015.12,19016.22,36.56476,0.8256944444444444,19025.295
2020-12-04 19:50:00,19016.22,19020.74,19010.0,19014.32,39.60148,0.8263888888888888,19015.370000000003
2020-12-04 19:51:00,19013.74,19030.98,19008.49,19008.49,30.059964,0.8270833333333333,19019.735
2020-12-04 19:52:00,19008.5,19025.36,19008.19,19018.53,27.117889,0.8277777777777777,19016.775
2020-12-04 19:53:00,19018.53,19044.82,19018.53,19035.49,26.974194,0.8284722222222223,19031.675
2020-12-04 19:54:00,19033.83,19042.68,19030.04,19039.39,34.710509,0.8291666666666667,19036.36
2020-12-04 19:55:00,19039.38,19044.83,19029.2,19031.93,32.839281,0.8298611111111112,19037.015
2020-12-04 19:56:00,19031.93,19038.94,19024.5,19025.25,27.605797,0.8305555555555556,19031.72
2020-12-04 19:57:00,19025.25,19039.93,19024.02,19031.82,35.858516,0.83125,19031.975
2020-12-04 19:58:00,19031.83,19036.23,19026.87,19033.93,18.908005,0.8319444444444445,19031.55
2020-12-04 19:59:00,19033.93,19046.23,19033.93,19038.73,27.930656,0.8326388888888889,19040.08
2020-12-04 20:00:00,19038.73,19045.34,19031.87,19036.47,50.800031,0.8333333333333334,19038.605
2020-12-04 20:01:00,19037.11,19041.4,19033.01,19039.11,37.330293,0.8340277777777778,19037.205
2020-12-04 20:02:00,19039.11,19041.4,19028.15,19029.42,30.280086,0.8347222222222223,19034.775
2020-12-04 20:03:00,19029.58,19039.22,19011.95,19031.32,57.862104,0.8354166666666667,19025.585
2020-12-04 20:04:00,19031.32,19040.0,19023.31,19025.77,28.788576,0.8361111111111111,19031.655
2020-12-04 20:05:00,19025.77,19026.72,19013.57,19018.29,35.799103,0.8368055555555556,19020.145
2020-12-04 20:06:00,19018.29,19027.77,19015.5,19016.67,28.958236,0.8375,19021.635000000002
2020-12-04 20:07:00,19016.67,19024.94,19010.05,19012.8,61.161228,0.8381944444444445,19017.495
2020-12-04 20:08:00,19012.81,19017.56,19003.54,19009.5,41.057485,0.8388888888888889,19010.550000000003
2020-12-04 20:09:00,19009.88,19013.29,18992.1,18993.7,61.803654,0.8395833333333333,19002.695
2020-12-04 20:10:00,18993.7,19022.21,18993.7,19017.97,36.323734,0.8402777777777778,19007.955
2020-12-04 20:11:00,19017.98,19020.46,18998.15,19001.64,38.190175,0.8409722222222222,19009.305
2020-12-04 20:12:00,19001.65,19010.19,18992.65,18995.53,40.39346,0.8416666666666667,19001.42
2020-12-04 20:13:00,18995.81,19007.99,18995.81,19005.47,42.958884,0.8423611111111111,19001.9
2020-12-04 20:14:00,19005.48,19005.48,18991.43,18995.3,55.388327,0.8430555555555556,18998.455
2020-12-04 20:15:00,18995.3,19003.32,18987.01,18993.98,27.894055,0.84375,18995.165
2020-12-04 20:16:00,18993.99,18995.5,18988.85,18991.27,29.431113,0.8444444444444444,18992.175
2020-12-04 20:17:00,18991.27,19004.25,18987.77,18992.68,33.067931,0.8451388888888889,18996.010000000002
2020-12-04 20:18:00,18992.69,19000.0,18987.61,18988.8,26.483139,0.8458333333333333,18993.805
2020-12-04 20:19:00,18988.8,18992.02,18984.03,18984.03,31.71131,0.8465277777777778,18988.025
2020-12-04 20:20:00,18984.04,18991.0,18983.33,18983.33,18.307628,0.8472222222222222,18987.165
2020-12-04 20:21:00,18983.34,18983.34,18958.33,18969.91,52.846921,0.8479166666666667,18970.835
2020-12-04 20:22:00,18969.91,18979.5,18963.61,18969.94,38.933904,0.8486111111111111,18971.555
2020-12-04 20:23:00,18969.93,18984.7,18965.48,18983.13,36.869927,0.8493055555555555,18975.09
2020-12-04 20:24:00,18983.14,18985.09,18972.92,18983.19,31.58111,0.85,18979.004999999997
2020-12-04 20:25:00,18983.19,18990.0,18982.25,18987.73,30.674819,0.8506944444444444,18986.125
2020-12-04 20:26:00,18987.72,18987.73,18974.04,18976.15,38.159605,0.8513888888888889,18980.885000000002
2020-12-04 20:27:00,18976.15,18990.44,18974.06,18974.86,34.732592,0.8520833333333333,18982.25
2020-12-04 20:28:00,18974.87,18986.26,18961.42,18961.51,48.959512,0.8527777777777777,18973.839999999997
2020-12-04 20:29:00,18961.51,19012.01,18957.9,19009.95,72.54591,0.8534722222222222,18984.955
2020-12-04 20:30:00,19009.96,19010.77,18935.76,18935.77,112.416052,0.8541666666666666,18973.265
2020-12-04 20:31:00,18935.76,18935.76,18880.0,18910.19,178.321068,0.8548611111111111,18907.879999999997
2020-12-04 20:32:00,18910.46,18928.58,18881.0,18926.05,96.918241,0.8555555555555555,18904.79
2020-12-04 20:33:00,18926.04,18930.94,18901.57,18911.99,45.024522,0.85625,18916.254999999997
2020-12-04 20:34:00,18912.0,18941.54,18908.79,18935.54,32.453534,0.8569444444444444,18925.165
2020-12-04 20:35:00,18935.55,18935.55,18889.46,18890.5,84.113269,0.8576388888888888,18912.504999999997
2020-12-04 20:36:00,18890.5,18932.81,18890.5,18924.64,67.375661,0.8583333333333333,18911.655
2020-12-04 20:37:00,18923.37,18932.71,18912.0,18923.15,34.08114,0.8590277777777777,18922.355
2020-12-04 20:38:00,18923.15,18940.97,18921.5,18936.57,34.589764,0.8597222222222223,18931.235
2020-12-04 20:39:00,18936.57,18941.13,18924.51,18928.92,32.865494,0.8604166666666667,18932.82
2020-12-04 20:40:00,18928.92,18940.0,18924.48,18938.12,28.031492,0.8611111111111112,18932.239999999998
2020-12-04 20:41:00,18938.11,18949.0,18936.1,18937.88,32.316136,0.8618055555555556,18942.55
2020-12-04 20:42:00,18937.87,18950.0,18937.87,18944.81,22.936375,0.8625,18943.934999999998
2020-12-04 20:43:00,18944.81,18946.54,18934.0,18941.83,22.364331,0.8631944444444445,18940.27
2020-12-04 20:44:00,18941.84,18946.2,18935.45,18943.21,30.599406,0.8638888888888889,18940.825
2020-12-04 20:45:00,18943.15,18952.4,18935.01,18945.46,30.76838,0.8645833333333334,18943.705
2020-12-04 20:46:00,18945.46,18961.0,18943.36,18950.49,44.679423,0.8652777777777778,18952.18
2020-12-04 20:47:00,18950.49,18957.99,18946.3,18957.12,23.540796,0.8659722222222223,18952.145
2020-12-04 20:48:00,18957.12,18957.95,18951.42,18956.18,22.572468,0.8666666666666667,18954.684999999998
2020-12-04 20:49:00,18956.19,18960.21,18952.94,18960.21,18.347869,0.8673611111111111,18956.574999999997
2020-12-04 20:50:00,18960.21,18960.21,18950.0,18951.88,22.560541,0.8680555555555556,18955.105
2020-12-04 20:51:00,18951.89,18958.77,18949.44,18952.18,22.391702,0.86875,18954.105
2020-12-04 20:52:00,18952.18,18958.04,18951.5,18956.68,17.126547,0.8694444444444445,18954.77
2020-12-04 20:53:00,18956.68,18959.44,18951.97,18958.78,13.098849,0.8701388888888889,18955.705
2020-12-04 20:54:00,18958.79,18959.99,18953.39,18957.7,11.927143,0.8708333333333333,18956.690000000002
2020-12-04 20:55:00,18957.69,18969.99,18957.69,18959.4,26.060893,0.8715277777777778,18963.84
2020-12-04 20:56:00,18959.41,18967.9,18955.21,18962.93,19.11904,0.8722222222222222,18961.555
2020-12-04 20:57:00,18962.0,18969.02,18957.5,18964.66,18.190072,0.8729166666666667,18963.260000000002
2020-12-04 20:58:00,18964.67,18966.42,18954.44,18962.57,28.953291,0.8736111111111111,18960.43
2020-12-04 20:59:00,18962.58,18969.02,18962.51,18962.53,17.250778,0.8743055555555556,18965.765
2020-12-04 21:00:00,18962.52,18970.83,18961.0,18961.85,28.098956,0.875,18965.915
2020-12-04 21:01:00,18961.84,18964.09,18952.55,18956.16,19.998258,0.8756944444444444,18958.32
2020-12-04 21:02:00,18956.16,18958.5,18949.22,18956.99,28.113912,0.8763888888888889,18953.86
2020-12-04 21:03:00,18956.99,18959.0,18922.05,18929.88,48.001235,0.8770833333333333,18940.525
2020-12-04 21:04:00,18929.88,18986.0,18927.86,18979.12,74.845626,0.8777777777777778,18956.93
2020-12-04 21:05:00,18979.13,18985.22,18970.74,18982.07,26.843504,0.8784722222222222,18977.980000000003
2020-12-04 21:06:00,18982.07,18988.75,18970.74,18988.68,20.35163,0.8791666666666667,18979.745000000003
2020-12-04 21:07:00,18988.68,18988.69,18968.67,18973.45,20.226274,0.8798611111111111,18978.68
2020-12-04 21:08:00,18973.46,18983.0,18970.0,18976.42,17.228986,0.8805555555555555,18976.5
2020-12-04 21:09:00,18976.42,18976.43,18960.25,18965.2,36.433822,0.88125,18968.34
2020-12-04 21:10:00,18965.21,18970.33,18959.11,18960.5,22.065055,0.8819444444444444,18964.72
2020-12-04 21:11:00,18961.81,18962.96,18954.5,18956.04,23.235218,0.8826388888888889,18958.73
2020-12-04 21:12:00,18956.04,18963.87,18953.7,18954.89,14.355123,0.8833333333333333,18958.785
2020-12-04 21:13:00,18954.9,18958.66,18941.38,18942.51,32.498214,0.8840277777777777,18950.02
2020-12-04 21:14:00,18942.51,18944.7,18929.16,18929.16,25.535918,0.8847222222222222,18936.93
2020-12-04 21:15:00,18929.16,18945.5,18925.8,18925.8,29.577252,0.8854166666666666,18935.65
2020-12-04 21:16:00,18925.8,18935.6,18916.6,18916.6,29.107433,0.8861111111111111,18926.1
2020-12-04 21:17:00,18916.57,18916.58,18890.0,18890.0,81.26165,0.8868055555555555,18903.29
2020-12-04 21:18:00,18890.0,18912.01,18877.16,18898.43,70.86687,0.8875,18894.585
2020-12-04 21:19:00,18898.44,18917.25,18890.0,18893.52,36.864251,0.8881944444444444,18903.625
2020-12-04 21:20:00,18893.53,18910.61,18889.11,18893.51,62.162236,0.8888888888888888,18899.86
2020-12-04 21:21:00,18893.5,18893.51,18878.7,18879.78,39.035612,0.8895833333333333,18886.105
2020-12-04 21:22:00,18879.78,18885.82,18877.47,18879.01,39.267343,0.8902777777777777,18881.645
2020-12-04 21:23:00,18879.01,18891.95,18873.89,18875.26,75.113982,0.8909722222222223,18882.92
2020-12-04 21:24:00,18875.27,18875.99,18840.0,18862.11,98.438437,0.8916666666666667,18857.995000000003
2020-12-04 21:25:00,18862.11,18862.11,18834.86,18841.95,110.088319,0.8923611111111112,18848.485
2020-12-04 21:26:00,18842.19,18865.72,18834.86,18835.94,80.743859,0.8930555555555556,18850.29
2020-12-04 21:27:00,18835.95,18851.5,18832.24,18842.87,62.461035,0.89375,18841.870000000003
2020-12-04 21:28:00,18842.87,18859.3,18830.83,18834.64,64.229236,0.8944444444444445,18845.065000000002
2020-12-04 21:29:00,18834.64,18836.5,18827.16,18830.5,41.912706,0.8951388888888889,18831.83
2020-12-04 21:30:00,18830.49,18850.0,18827.19,18850.0,55.719225,0.8958333333333334,18838.595
2020-12-04 21:31:00,18850.0,18890.83,18835.73,18841.05,78.277941,0.8965277777777778,18863.28
2020-12-04 21:32:00,18839.61,18866.98,18830.07,18847.85,43.732029,0.8972222222222223,18848.525
2020-12-04 21:33:00,18847.86,18879.5,18847.86,18876.99,43.560577,0.8979166666666667,18863.68
2020-12-04 21:34:00,18877.0,18880.5,18855.19,18860.16,45.32544,0.8986111111111111,18867.845
2020-12-04 21:35:00,18860.5,18878.28,18850.1,18858.31,47.917002,0.8993055555555556,18864.19
2020-12-04 21:36:00,18858.32,18887.53,18856.76,18865.29,39.022016,0.9,18872.144999999997
2020-12-04 21:37:00,18865.29,18885.1,18863.09,18878.64,23.173364,0.9006944444444445,18874.095
2020-12-04 21:38:00,18878.64,18886.12,18867.54,18870.89,28.518041,0.9013888888888889,18876.83
2020-12-04 21:39:00,18870.88,18877.86,18856.49,18856.49,47.155128,0.9020833333333333,18867.175000000003
2020-12-04 21:40:00,18858.26,18870.76,18851.05,18851.05,35.832826,0.9027777777777778,18860.905
2020-12-04 21:41:00,18851.05,18856.98,18849.64,18853.82,51.832359,0.9034722222222222,18853.309999999998
2020-12-04 21:42:00,18853.83,18879.12,18851.39,18873.64,24.800703,0.9041666666666667,18865.254999999997
2020-12-04 21:43:00,18873.64,18880.0,18863.0,18869.49,40.453649,0.9048611111111111,18871.5
2020-12-04 21:44:00,18869.5,18870.41,18850.93,18864.42,20.830331,0.9055555555555556,18860.67
2020-12-04 21:45:00,18864.41,18864.41,18829.78,18833.07,38.291391,0.90625,18847.095
2020-12-04 21:46:00,18833.07,18833.56,18806.16,18815.38,86.225494,0.9069444444444444,18819.86
2020-12-04 21:47:00,18815.38,18815.38,18796.22,18805.38,134.178931,0.9076388888888889,18805.800000000003
2020-12-04 21:48:00,18804.73,18810.24,18779.0,18792.59,129.959679,0.9083333333333333,18794.620000000003
2020-12-04 21:49:00,18792.59,18797.45,18769.23,18790.39,137.989725,0.9090277777777778,18783.34
2020-12-04 21:50:00,18788.56,18818.66,18779.1,18795.71,126.864042,0.9097222222222222,18798.879999999997
2020-12-04 21:51:00,18795.77,18806.09,18776.4,18779.29,65.087507,0.9104166666666667,18791.245000000003
2020-12-04 21:52:00,18779.29,18782.43,18725.6,18768.37,207.233424,0.9111111111111111,18754.015
2020-12-04 21:53:00,18768.4,18791.0,18737.22,18763.0,87.32537,0.9118055555555555,18764.11
2020-12-04 21:54:00,18763.4,18803.84,18758.03,18796.32,71.735208,0.9125,18780.934999999998
2020-12-04 21:55:00,18796.33,18834.42,18794.03,18828.49,63.080343,0.9131944444444444,18814.225
2020-12-04 21:56:00,18828.49,18836.99,18816.2,18816.2,34.454733,0.9138888888888889,18826.595
2020-12-04 21:57:00,18816.2,18816.5,18786.23,18797.31,39.976315,0.9145833333333333,18801.364999999998
2020-12-04 21:58:00,18797.31,18828.09,18797.31,18822.48,35.240341,0.9152777777777777,18812.7
2020-12-04 21:59:00,18820.76,18822.49,18790.46,18806.41,23.186003,0.9159722222222222,18806.475
2020-12-04 22:00:00,18807.09,18810.63,18788.64,18789.34,25.811298,0.9166666666666666,18799.635000000002
2020-12-04 22:01:00,18790.0,18820.59,18785.39,18816.59,20.704959,0.9173611111111111,18802.989999999998
2020-12-04 22:02:00,18816.6,18841.88,18814.07,18837.37,28.654589,0.9180555555555555,18827.975
2020-12-04 22:03:00,18837.37,18837.58,18817.75,18820.05,12.798433,0.91875,18827.665
2020-12-04 22:04:00,18820.69,18830.05,18812.57,18819.0,36.521568,0.9194444444444444,18821.309999999998
2020-12-04 22:05:00,18819.02,18819.14,18807.57,18808.83,19.997624,0.9201388888888888,18813.355
2020-12-04 22:06:00,18808.21,18810.43,18800.0,18801.48,17.791224,0.9208333333333333,18805.215
2020-12-04 22:07:00,18801.96,18802.19,18750.0,18764.06,72.733735,0.9215277777777777,18776.095
2020-12-04 22:08:00,18764.06,18770.0,18742.94,18744.6,43.57787,0.9222222222222223,18756.47
2020-12-04 22:09:00,18744.6,18803.82,18744.59,18792.72,46.259282,0.9229166666666667,18774.205
2020-12-04 22:10:00,18792.71,18792.76,18776.26,18783.71,20.811806,0.9236111111111112,18784.51
2020-12-04 22:11:00,18783.71,18790.38,18780.41,18787.84,20.397701,0.9243055555555556,18785.395
2020-12-04 22:12:00,18787.81,18829.79,18786.31,18827.99,23.213137,0.925,18808.050000000003
2020-12-04 22:13:00,18827.99,18838.04,18823.38,18836.11,24.539092,0.9256944444444445,18830.71
2020-12-04 22:14:00,18836.06,18875.0,18836.0,18875.0,37.671231,0.9263888888888889,18855.5
2020-12-04 22:15:00,18874.75,18875.27,18845.94,18848.43,31.057656,0.9270833333333334,18860.605
2020-12-04 22:16:00,18848.43,18852.64,18834.06,18840.0,38.773109,0.9277777777777778,18843.35
2020-12-04 22:17:00,18840.02,18841.4,18836.73,18840.37,17.726794,0.9284722222222223,18839.065000000002
2020-12-04 22:18:00,18840.37,18842.9,18835.0,18839.38,8.275201,0.9291666666666667,18838.95
2020-12-04 22:19:00,18839.33,18840.66,18833.81,18834.93,10.38836,0.9298611111111111,18837.235
2020-12-04 22:20:00,18835.09,18839.87,18806.07,18806.08,27.41373,0.9305555555555556,18822.97
2020-12-04 22:21:00,18806.46,18807.02,18788.16,18802.09,39.515634,0.93125,18797.59
2020-12-04 22:22:00,18801.55,18802.26,18782.41,18784.61,27.180795,0.9319444444444445,18792.335
2020-12-04 22:23:00,18784.61,18847.0,18784.61,18842.71,39.802847,0.9326388888888889,18815.805
2020-12-04 22:24:00,18842.72,18843.72,18814.45,18820.57,29.441922,0.9333333333333333,18829.085
2020-12-04 22:25:00,18820.43,18821.94,18766.66,18783.17,39.920658,0.9340277777777778,18794.3
2020-12-04 22:26:00,18783.38,18821.15,18783.38,18806.75,49.979614,0.9347222222222222,18802.265
2020-12-04 22:27:00,18806.76,18807.29,18774.5,18777.93,16.781567,0.9354166666666667,18790.895
2020-12-04 22:28:00,18777.2,18783.48,18772.5,18780.5,20.461141,0.9361111111111111,18777.989999999998
2020-12-04 22:29:00,18779.96,18782.99,18774.36,18777.02,21.924083,0.9368055555555556,18778.675000000003
2020-12-04 22:30:00,18776.62,18813.03,18773.31,18810.0,31.418393,0.9375,18793.17
2020-12-04 22:31:00,18810.0,18810.0,18772.96,18776.2,26.132243,0.9381944444444444,18791.48
2020-12-04 22:32:00,18776.21,18791.0,18771.53,18789.0,13.959605,0.9388888888888889,18781.265
2020-12-04 22:33:00,18789.01,18793.5,18785.38,18787.94,11.599496,0.9395833333333333,18789.440000000002
2020-12-04 22:34:00,18787.93,18788.82,18778.88,18785.69,14.970892,0.9402777777777778,18783.85
2020-12-04 22:35:00,18785.55,18786.4,18781.18,18784.99,21.617759,0.9409722222222222,18783.79
2020-12-04 22:36:00,18785.0,18819.88,18785.0,18812.14,35.082001,0.9416666666666667,18802.440000000002
2020-12-04 22:37:00,18812.15,18820.0,18812.08,18817.62,67.63449,0.9423611111111111,18816.04
2020-12-04 22:38:00,18817.62,18818.93,18791.5,18817.2,35.038835,0.9430555555555555,18805.215
2020-12-04 22:39:00,18817.19,18832.01,18817.19,18830.81,52.883184,0.94375,18824.6
2020-12-04 22:40:00,18830.86,18830.88,18821.18,18824.91,24.228335,0.9444444444444444,18826.03
2020-12-04 22:41:00,18824.7,18828.61,18794.68,18803.47,32.979897,0.9451388888888889,18811.645
2020-12-04 22:42:00,18803.47,18809.29,18800.35,18805.37,10.84657,0.9458333333333333,18804.82
2020-12-04 22:43:00,18805.37,18808.69,18784.62,18785.07,23.294652,0.9465277777777777,18796.655
2020-12-04 22:44:00,18785.65,18785.65,18766.66,18768.5,42.600311,0.9472222222222222,18776.155
2020-12-04 22:45:00,18768.5,18807.0,18755.0,18802.09,46.924345,0.9479166666666666,18781.0
2020-12-04 22:46:00,18802.09,18805.43,18794.52,18802.77,19.134734,0.9486111111111111,18799.975
2020-12-04 22:47:00,18802.76,18803.42,18796.47,18799.44,31.519418,0.9493055555555555,18799.945
2020-12-04 22:48:00,18799.44,18833.25,18798.85,18829.45,30.968669,0.95,18816.05
2020-12-04 22:49:00,18829.23,18832.89,18770.0,18779.0,33.296072,0.9506944444444444,18801.445
2020-12-04 22:50:00,18779.0,18781.06,18751.14,18752.83,47.976769,0.9513888888888888,18766.1
2020-12-04 22:51:00,18752.28,18758.48,18720.0,18726.82,85.694796,0.9520833333333333,18739.239999999998
2020-12-04 22:52:00,18726.82,18742.04,18700.0,18702.14,116.683601,0.9527777777777777,18721.02
2020-12-04 22:53:00,18702.13,18786.34,18700.0,18743.54,141.703229,0.9534722222222223,18743.17
2020-12-04 22:54:00,18743.3,18750.86,18700.0,18733.42,105.009914,0.9541666666666667,18725.43
2020-12-04 22:55:00,18733.42,18733.43,18700.03,18705.96,48.551192,0.9548611111111112,18716.73
2020-12-04 22:56:00,18705.97,18715.5,18700.0,18700.0,58.133345,0.9555555555555556,18707.75
2020-12-04 22:57:00,18700.01,18706.0,18565.31,18575.59,435.433872,0.95625,18635.655
2020-12-04 22:58:00,18575.59,18679.59,18567.2,18660.27,196.188899,0.9569444444444445,18623.395
2020-12-04 22:59:00,18660.26,18684.12,18630.08,18665.3,93.571253,0.9576388888888889,18657.1
2020-12-04 23:00:00,18665.31,18670.91,18601.5,18628.1,125.092879,0.9583333333333334,18636.205
2020-12-04 23:01:00,18628.1,18638.0,18607.38,18635.39,67.694993,0.9590277777777778,18622.690000000002
2020-12-04 23:02:00,18635.39,18682.51,18626.29,18676.13,77.663962,0.9597222222222223,18654.4
2020-12-04 23:03:00,18676.12,18725.84,18675.84,18695.98,133.930956,0.9604166666666667,18700.84
2020-12-04 23:04:00,18694.23,18747.78,18694.22,18746.45,90.573438,0.9611111111111111,18721.0
2020-12-04 23:05:00,18746.7,18748.16,18700.4,18727.79,78.885924,0.9618055555555556,18724.28
2020-12-04 23:06:00,18727.79,18730.25,18702.51,18729.99,49.078603,0.9625,18716.379999999997
2020-12-04 23:07:00,18730.0,18742.32,18729.99,18741.8,54.726267,0.9631944444444445,18736.155
2020-12-04 23:08:00,18741.79,18747.45,18729.98,18744.57,43.835087,0.9638888888888889,18738.715
2020-12-04 23:09:00,18744.56,18750.85,18730.0,18740.08,50.757436,0.9645833333333333,18740.425
2020-12-04 23:10:00,18740.08,18771.16,18735.68,18753.04,44.781814,0.9652777777777778,18753.42
2020-12-04 23:11:00,18753.03,18774.76,18742.62,18773.01,28.408742,0.9659722222222222,18758.69
2020-12-04 23:12:00,18773.02,18780.01,18758.5,18772.67,60.191389,0.9666666666666667,18769.254999999997
2020-12-04 23:13:00,18772.67,18775.2,18764.1,18770.44,29.039293,0.9673611111111111,18769.65
2020-12-04 23:14:00,18770.44,18783.39,18769.7,18770.0,41.070134,0.9680555555555556,18776.545
2020-12-04 23:15:00,18770.0,18770.01,18738.77,18739.02,44.825628,0.96875,18754.39
2020-12-04 23:16:00,18739.02,18762.24,18730.0,18760.3,32.795224,0.9694444444444444,18746.120000000003
2020-12-04 23:17:00,18760.3,18760.3,18740.71,18758.03,21.447871,0.9701388888888889,18750.504999999997
2020-12-04 23:18:00,18758.02,18772.49,18748.68,18758.91,66.816135,0.9708333333333333,18760.585
2020-12-04 23:19:00,18759.09,18785.03,18759.09,18784.88,10.45858,0.9715277777777778,18772.059999999998
2020-12-04 23:20:00,18784.89,18785.72,18774.01,18784.94,33.545299,0.9722222222222222,18779.864999999998
2020-12-04 23:21:00,18785.11,18803.96,18781.0,18789.0,70.383047,0.9729166666666667,18792.48
2020-12-04 23:22:00,18789.01,18812.49,18787.38,18807.75,34.70638,0.9736111111111111,18799.935
2020-12-04 23:23:00,18807.75,18832.48,18807.48,18829.12,41.5693,0.9743055555555555,18819.98
2020-12-04 23:24:00,18829.12,18829.12,18800.01,18812.19,53.886865,0.975,18814.565
2020-12-04 23:25:00,18812.19,18838.21,18801.58,18814.57,72.619117,0.9756944444444444,18819.895
2020-12-04 23:26:00,18814.57,18836.1,18803.5,18825.7,47.887473,0.9763888888888889,18819.8
2020-12-04 23:27:00,18825.45,18841.0,18821.46,18836.04,46.542978,0.9770833333333333,18831.23
2020-12-04 23:28:00,18836.04,18838.29,18810.73,18824.07,41.23154,0.9777777777777777,18824.510000000002
2020-12-04 23:29:00,18824.07,18830.0,18814.0,18825.49,37.592484,0.9784722222222222,18822.0
2020-12-04 23:30:00,18825.47,18826.96,18800.0,18806.22,30.469374,0.9791666666666666,18813.48
2020-12-04 23:31:00,18806.39,18824.59,18802.28,18809.97,29.988316,0.9798611111111111,18813.434999999998
2020-12-04 23:32:00,18809.98,18820.0,18808.36,18813.53,17.89798,0.9805555555555555,18814.18
2020-12-04 23:33:00,18813.54,18817.5,18805.77,18810.6,11.73956,0.98125,18811.635000000002
2020-12-04 23:34:00,18810.55,18810.55,18705.59,18752.96,180.748498,0.9819444444444444,18758.07
2020-12-04 23:35:00,18753.07,18760.43,18728.83,18748.33,45.467725,0.9826388888888888,18744.63
2020-12-04 23:36:00,18748.33,18748.33,18730.97,18739.01,29.257533,0.9833333333333333,18739.65
2020-12-04 23:37:00,18739.0,18739.0,18725.92,18731.77,29.476264,0.9840277777777777,18732.46
2020-12-04 23:38:00,18731.78,18741.94,18690.97,18701.68,70.177904,0.9847222222222223,18716.455
2020-12-04 23:39:00,18701.68,18702.62,18668.43,18694.11,83.068077,0.9854166666666667,18685.525
2020-12-04 23:40:00,18694.11,18718.0,18694.11,18701.98,43.177612,0.9861111111111112,18706.055
2020-12-04 23:41:00,18701.98,18706.5,18676.86,18679.56,44.134842,0.9868055555555556,18691.68
2020-12-04 23:42:00,18679.57,18710.77,18675.0,18690.51,34.076474,0.9875,18692.885000000002
2020-12-04 23:43:00,18690.51,18694.0,18677.34,18681.5,43.617107,0.9881944444444445,18685.67
2020-12-04 23:44:00,18681.5,18711.98,18681.5,18709.72,37.744285,0.9888888888888889,18696.739999999998
2020-12-04 23:45:00,18709.72,18715.33,18676.57,18700.88,24.896131,0.9895833333333334,18695.95
2020-12-04 23:46:00,18700.73,18717.39,18689.5,18698.61,27.659329,0.9902777777777778,18703.445
2020-12-04 23:47:00,18698.83,18699.04,18690.74,18695.45,24.598093,0.9909722222222223,18694.89
2020-12-04 23:48:00,18694.17,18694.8,18682.74,18682.74,38.207534,0.9916666666666667,18688.77
2020-12-04 23:49:00,18682.73,18689.97,18675.54,18675.55,39.791538,0.9923611111111111,18682.755
2020-12-04 23:50:00,18675.55,18681.5,18666.96,18674.98,33.721193,0.9930555555555556,18674.23
2020-12-04 23:51:00,18674.99,18714.05,18672.38,18714.04,56.224928,0.99375,18693.215
2020-12-04 23:52:00,18714.05,18723.42,18702.01,18708.4,34.480067,0.9944444444444445,18712.714999999997
2020-12-04 23:53:00,18708.2,18729.83,18707.31,18729.83,25.36194,0.9951388888888889,18718.57
2020-12-04 23:54:00,18729.97,18746.84,18728.0,18741.85,33.908431,0.9958333333333333,18737.42
2020-12-04 23:55:00,18741.85,18741.85,18677.44,18688.53,59.023986,0.9965277777777778,18709.644999999997
2020-12-04 23:56:00,18688.93,18694.94,18674.07,18688.64,22.751494,0.9972222222222222,18684.504999999997
2020-12-04 23:57:00,18688.64,18688.64,18667.32,18668.72,46.718191,0.9979166666666667,18677.98
2020-12-04 23:58:00,18668.72,18676.98,18652.91,18655.95,51.397468,0.9986111111111111,18664.945
2020-12-04 23:59:00,18656.03,18661.7,18635.44,18650.52,66.751892,0.9993055555555556,18648.57
